{
	"format_version": "1.12.0",
	"minecraft:geometry": [
		{
			"description": {
				"identifier": "geometry.pot_stacked2",
				"texture_width": 32,
				"texture_height": 16,
				"visible_bounds_width": 2,
				"visible_bounds_height": 2.5,
				"visible_bounds_offset": [0, 0.75, 0]
			},
			"bones": [
				{
					"name": "Pot",
					"pivot": [-8, 8, 8]
				},
				{
					"name": "topring",
					"parent": "Pot",
					"pivot": [-8, 8, 8],
					"cubes": [
						{
							"origin": [-3.3604, 3.66051, -3.67464],
							"size": [1.12488, 1.24976, 0.67493],
							"uv": {
								"north": {"uv": [0.008, 0.008], "uv_size": [0.984, 1.984]},
								"east": {"uv": [0.008, 0.008], "uv_size": [0.592, 1.984]},
								"south": {"uv": [0.008, 0.008], "uv_size": [0.984, 1.984]},
								"west": {"uv": [0.008, 0.008], "uv_size": [0.592, 1.984]},
								"up": {"uv": [0.992, 0.6], "uv_size": [-0.984, -0.592]},
								"down": {"uv": [0.992, 0.6], "uv_size": [-0.984, -0.592]}
							}
						},
						{
							"origin": [-3.47158, 3.66051, -2.53943],
							"size": [1.12488, 1.24976, 0.67493],
							"pivot": [0, 0, 0],
							"rotation": [0, -22.5, 0],
							"uv": {
								"north": {"uv": [0.008, 0.008], "uv_size": [0.984, 1.984]},
								"east": {"uv": [0.008, 0.008], "uv_size": [0.592, 1.984]},
								"south": {"uv": [0.008, 0.008], "uv_size": [0.984, 1.984]},
								"west": {"uv": [0.008, 0.008], "uv_size": [0.592, 1.984]},
								"up": {"uv": [0.6, 0.992], "uv_size": [-0.592, -0.984]},
								"down": {"uv": [0.6, 0.992], "uv_size": [-0.592, -0.984]}
							}
						},
						{
							"origin": [-3.13987, 3.66051, -1.44808],
							"size": [1.12488, 1.24976, 0.67493],
							"pivot": [0, 0, 0],
							"rotation": [0, -45, 0],
							"uv": {
								"north": {"uv": [0.008, 0.008], "uv_size": [0.984, 1.984]},
								"east": {"uv": [0.008, 0.008], "uv_size": [0.592, 1.984]},
								"south": {"uv": [0.008, 0.008], "uv_size": [0.984, 1.984]},
								"west": {"uv": [0.008, 0.008], "uv_size": [0.592, 1.984]},
								"up": {"uv": [0.6, 0.992], "uv_size": [-0.592, -0.984]},
								"down": {"uv": [0.6, 0.992], "uv_size": [-0.592, -0.984]}
							}
						},
						{
							"origin": [-0.10817, 3.66051, -2.41576],
							"size": [0.67493, 1.24976, 1.12488],
							"pivot": [0, 0, 0],
							"rotation": [0, 22.5, 0],
							"uv": {
								"north": {"uv": [0.008, 0.008], "uv_size": [0.592, 1.984]},
								"east": {"uv": [0.008, 0.008], "uv_size": [0.984, 1.984]},
								"south": {"uv": [0.008, 0.008], "uv_size": [0.592, 1.984]},
								"west": {"uv": [0.008, 0.008], "uv_size": [0.984, 1.984]},
								"up": {"uv": [0.6, 0.992], "uv_size": [-0.592, -0.984]},
								"down": {"uv": [0.6, 0.992], "uv_size": [-0.592, -0.984]}
							}
						},
						{
							"origin": [-0.64531, 3.66051, -1.4095],
							"size": [0.67493, 1.24976, 1.12488],
							"uv": {
								"north": {"uv": [0.008, 0.008], "uv_size": [0.592, 1.984]},
								"east": {"uv": [0.008, 0.008], "uv_size": [0.984, 1.984]},
								"south": {"uv": [0.008, 0.008], "uv_size": [0.592, 1.984]},
								"west": {"uv": [0.008, 0.008], "uv_size": [0.984, 1.984]},
								"up": {"uv": [0.6, 0.992], "uv_size": [-0.592, -0.984]},
								"down": {"uv": [0.6, 0.992], "uv_size": [-0.592, -0.984]}
							}
						},
						{
							"origin": [-5.62554, 3.66051, -1.4095],
							"size": [0.67493, 1.24976, 1.12488],
							"uv": {
								"north": {"uv": [0.008, 0.008], "uv_size": [0.592, 1.984]},
								"east": {"uv": [0.008, 0.008], "uv_size": [0.984, 1.984]},
								"south": {"uv": [0.008, 0.008], "uv_size": [0.592, 1.984]},
								"west": {"uv": [0.008, 0.008], "uv_size": [0.984, 1.984]},
								"up": {"uv": [0.992, 0.6], "uv_size": [-0.984, -0.592]},
								"down": {"uv": [0.992, 0.6], "uv_size": [-0.984, -0.592]}
							}
						},
						{
							"origin": [-5.73671, 3.66051, -0.27429],
							"size": [0.67492, 1.24976, 1.12488],
							"pivot": [0, 0, 0],
							"rotation": [0, -22.5, 0],
							"uv": {
								"north": {"uv": [0.008, 0.008], "uv_size": [0.592, 1.984]},
								"east": {"uv": [0.008, 0.008], "uv_size": [0.984, 1.984]},
								"south": {"uv": [0.008, 0.008], "uv_size": [0.592, 1.984]},
								"west": {"uv": [0.008, 0.008], "uv_size": [0.984, 1.984]},
								"up": {"uv": [0.6, 0.992], "uv_size": [-0.592, -0.984]},
								"down": {"uv": [0.6, 0.992], "uv_size": [-0.592, -0.984]}
							}
						},
						{
							"origin": [-5.405, 3.66051, 0.81705],
							"size": [0.67492, 1.24976, 1.12488],
							"pivot": [0, 0, 0],
							"rotation": [0, -45, 0],
							"uv": {
								"north": {"uv": [0.008, 0.008], "uv_size": [0.592, 1.984]},
								"east": {"uv": [0.008, 0.008], "uv_size": [0.984, 1.984]},
								"south": {"uv": [0.008, 0.008], "uv_size": [0.592, 1.984]},
								"west": {"uv": [0.008, 0.008], "uv_size": [0.984, 1.984]},
								"up": {"uv": [0.6, 0.992], "uv_size": [-0.592, -0.984]},
								"down": {"uv": [0.6, 0.992], "uv_size": [-0.592, -0.984]}
							}
						},
						{
							"origin": [-2.82326, 3.66051, -4.6809],
							"size": [1.12488, 1.24976, 0.67493],
							"pivot": [0, 0, 0],
							"rotation": [0, 22.5, 0],
							"uv": {
								"north": {"uv": [0.008, 0.008], "uv_size": [0.984, 1.984]},
								"east": {"uv": [0.008, 0.008], "uv_size": [0.592, 1.984]},
								"south": {"uv": [0.008, 0.008], "uv_size": [0.984, 1.984]},
								"west": {"uv": [0.008, 0.008], "uv_size": [0.592, 1.984]},
								"up": {"uv": [0.6, 0.992], "uv_size": [-0.592, -0.984]},
								"down": {"uv": [0.6, 0.992], "uv_size": [-0.592, -0.984]}
							}
						},
						{
							"origin": [-5.0884, 3.66051, -2.41575],
							"size": [0.67492, 1.24976, 1.12488],
							"pivot": [0, 0, 0],
							"rotation": [0, 22.5, 0],
							"uv": {
								"north": {"uv": [1.008, 0.008], "uv_size": [0.592, 1.984]},
								"east": {"uv": [1.008, 0.008], "uv_size": [0.984, 1.984]},
								"south": {"uv": [1.008, 0.008], "uv_size": [0.592, 1.984]},
								"west": {"uv": [1.008, 0.008], "uv_size": [0.984, 1.984]},
								"up": {"uv": [0.6, 1.992], "uv_size": [-0.592, -0.984]},
								"down": {"uv": [0.6, 1.992], "uv_size": [-0.592, -0.984]}
							}
						},
						{
							"origin": [-4.20707, 3.66051, -3.13986],
							"size": [0.67492, 1.24976, 1.12488],
							"pivot": [0, 0, 0],
							"rotation": [0, 45, 0],
							"uv": {
								"north": {"uv": [1.008, 0.008], "uv_size": [0.592, 1.984]},
								"east": {"uv": [1.008, 0.008], "uv_size": [0.984, 1.984]},
								"south": {"uv": [1.008, 0.008], "uv_size": [0.592, 1.984]},
								"west": {"uv": [1.008, 0.008], "uv_size": [0.984, 1.984]},
								"up": {"uv": [0.6, 1.992], "uv_size": [-0.592, -0.984]},
								"down": {"uv": [0.6, 1.992], "uv_size": [-0.592, -0.984]}
							}
						},
						{
							"origin": [-3.3604, 3.66051, 1.30559],
							"size": [1.12488, 1.24976, 0.67492],
							"uv": {
								"north": {"uv": [1.008, 0.008], "uv_size": [0.984, 1.984]},
								"east": {"uv": [1.008, 0.008], "uv_size": [0.592, 1.984]},
								"south": {"uv": [1.008, 0.008], "uv_size": [0.984, 1.984]},
								"west": {"uv": [1.008, 0.008], "uv_size": [0.592, 1.984]},
								"up": {"uv": [0.992, 1.6], "uv_size": [-0.984, -0.592]},
								"down": {"uv": [0.992, 1.6], "uv_size": [-0.984, -0.592]}
							}
						},
						{
							"origin": [-3.47157, 3.66051, 2.44079],
							"size": [1.12488, 1.24976, 0.67493],
							"pivot": [0, 0, 0],
							"rotation": [0, -22.5, 0],
							"uv": {
								"north": {"uv": [1.008, 0.008], "uv_size": [0.984, 1.984]},
								"east": {"uv": [1.008, 0.008], "uv_size": [0.592, 1.984]},
								"south": {"uv": [1.008, 0.008], "uv_size": [0.984, 1.984]},
								"west": {"uv": [1.008, 0.008], "uv_size": [0.592, 1.984]},
								"up": {"uv": [1.6, 0.992], "uv_size": [-0.592, -0.984]},
								"down": {"uv": [1.6, 0.992], "uv_size": [-0.592, -0.984]}
							}
						},
						{
							"origin": [-2.82326, 3.66051, 0.29933],
							"size": [1.12488, 1.24976, 0.67493],
							"pivot": [0, 0, 0],
							"rotation": [0, 22.5, 0],
							"uv": {
								"north": {"uv": [1.008, 0.008], "uv_size": [0.984, 1.984]},
								"east": {"uv": [1.008, 0.008], "uv_size": [0.592, 1.984]},
								"south": {"uv": [1.008, 0.008], "uv_size": [0.984, 1.984]},
								"west": {"uv": [1.008, 0.008], "uv_size": [0.592, 1.984]},
								"up": {"uv": [1.6, 0.992], "uv_size": [-0.592, -0.984]},
								"down": {"uv": [1.6, 0.992], "uv_size": [-0.592, -0.984]}
							}
						},
						{
							"origin": [-1.94193, 3.66051, -0.42478],
							"size": [1.12488, 1.24976, 0.67493],
							"pivot": [0, 0, 0],
							"rotation": [0, 45, 0],
							"uv": {
								"north": {"uv": [1.008, 0.008], "uv_size": [0.984, 1.984]},
								"east": {"uv": [1.008, 0.008], "uv_size": [0.592, 1.984]},
								"south": {"uv": [1.008, 0.008], "uv_size": [0.984, 1.984]},
								"west": {"uv": [1.008, 0.008], "uv_size": [0.592, 1.984]},
								"up": {"uv": [1.6, 0.992], "uv_size": [-0.592, -0.984]},
								"down": {"uv": [1.6, 0.992], "uv_size": [-0.592, -0.984]}
							}
						},
						{
							"origin": [-0.75648, 3.66051, -0.27429],
							"size": [0.67493, 1.24976, 1.12488],
							"pivot": [0, 0, 0],
							"rotation": [0, -22.5, 0],
							"uv": {
								"north": {"uv": [1.008, 0.008], "uv_size": [0.592, 1.984]},
								"east": {"uv": [1.008, 0.008], "uv_size": [0.984, 1.984]},
								"south": {"uv": [1.008, 0.008], "uv_size": [0.592, 1.984]},
								"west": {"uv": [1.008, 0.008], "uv_size": [0.984, 1.984]},
								"up": {"uv": [0.6, 1.992], "uv_size": [-0.592, -0.984]},
								"down": {"uv": [0.6, 1.992], "uv_size": [-0.592, -0.984]}
							}
						}
					]
				},
				{
					"name": "bottomring",
					"parent": "Pot",
					"pivot": [-8, 8, 8],
					"cubes": [
						{
							"origin": [-3.3, 2.21075, -3.3],
							"size": [1, 1.5, 0.6],
							"uv": {
								"north": {"uv": [0.008, 0.008], "uv_size": [0.984, 1.484]},
								"east": {"uv": [0.008, 0.008], "uv_size": [0.592, 1.484]},
								"south": {"uv": [0.008, 0.008], "uv_size": [0.984, 1.484]},
								"west": {"uv": [0.008, 0.008], "uv_size": [0.592, 1.484]},
								"up": {"uv": [0.992, 0.6], "uv_size": [-0.984, -0.592]},
								"down": {"uv": [0.992, 0.6], "uv_size": [-0.984, -0.592]}
							}
						},
						{
							"origin": [-3.38778, 2.21075, -2.16863],
							"size": [1, 1.5, 0.6],
							"pivot": [0, 0, 0],
							"rotation": [0, -22.5, 0],
							"uv": {
								"north": {"uv": [0.008, 0.008], "uv_size": [0.984, 1.484]},
								"east": {"uv": [0.008, 0.008], "uv_size": [0.592, 1.484]},
								"south": {"uv": [0.008, 0.008], "uv_size": [0.984, 1.484]},
								"west": {"uv": [0.008, 0.008], "uv_size": [0.592, 1.484]},
								"up": {"uv": [0.6, 0.992], "uv_size": [-0.592, -0.984]},
								"down": {"uv": [0.6, 0.992], "uv_size": [-0.592, -0.984]}
							}
						},
						{
							"origin": [-3.03592, 2.21075, -1.08979],
							"size": [1, 1.5, 0.6],
							"pivot": [0, 0, 0],
							"rotation": [0, -45, 0],
							"uv": {
								"north": {"uv": [0.008, 0.008], "uv_size": [0.984, 1.484]},
								"east": {"uv": [0.008, 0.008], "uv_size": [0.592, 1.484]},
								"south": {"uv": [0.008, 0.008], "uv_size": [0.984, 1.484]},
								"west": {"uv": [0.008, 0.008], "uv_size": [0.592, 1.484]},
								"up": {"uv": [0.6, 0.992], "uv_size": [-0.592, -0.984]},
								"down": {"uv": [0.6, 0.992], "uv_size": [-0.592, -0.984]}
							}
						},
						{
							"origin": [-0.37228, 2.21075, -2.29799],
							"size": [0.6, 1.5, 1],
							"pivot": [0, 0, 0],
							"rotation": [0, 22.5, 0],
							"uv": {
								"north": {"uv": [0.008, 0.008], "uv_size": [0.592, 1.484]},
								"east": {"uv": [0.008, 0.008], "uv_size": [0.984, 1.484]},
								"south": {"uv": [0.008, 0.008], "uv_size": [0.592, 1.484]},
								"west": {"uv": [0.008, 0.008], "uv_size": [0.984, 1.484]},
								"up": {"uv": [0.6, 0.992], "uv_size": [-0.592, -0.984]},
								"down": {"uv": [0.6, 0.992], "uv_size": [-0.592, -0.984]}
							}
						},
						{
							"origin": [-0.88633, 2.21075, -1.28633],
							"size": [0.6, 1.5, 1],
							"uv": {
								"north": {"uv": [0.008, 0.008], "uv_size": [0.592, 1.484]},
								"east": {"uv": [0.008, 0.008], "uv_size": [0.984, 1.484]},
								"south": {"uv": [0.008, 0.008], "uv_size": [0.592, 1.484]},
								"west": {"uv": [0.008, 0.008], "uv_size": [0.984, 1.484]},
								"up": {"uv": [0.6, 0.992], "uv_size": [-0.592, -0.984]},
								"down": {"uv": [0.6, 0.992], "uv_size": [-0.592, -0.984]}
							}
						},
						{
							"origin": [-5.31367, 2.21075, -1.28633],
							"size": [0.6, 1.5, 1],
							"uv": {
								"north": {"uv": [0.008, 0.008], "uv_size": [0.592, 1.484]},
								"east": {"uv": [0.008, 0.008], "uv_size": [0.984, 1.484]},
								"south": {"uv": [0.008, 0.008], "uv_size": [0.592, 1.484]},
								"west": {"uv": [0.008, 0.008], "uv_size": [0.984, 1.484]},
								"up": {"uv": [0.992, 0.6], "uv_size": [-0.984, -0.592]},
								"down": {"uv": [0.992, 0.6], "uv_size": [-0.984, -0.592]}
							}
						},
						{
							"origin": [-5.40145, 2.21075, -0.15496],
							"size": [0.6, 1.5, 1],
							"pivot": [0, 0, 0],
							"rotation": [0, -22.5, 0],
							"uv": {
								"north": {"uv": [0.008, 0.008], "uv_size": [0.592, 1.484]},
								"east": {"uv": [0.008, 0.008], "uv_size": [0.984, 1.484]},
								"south": {"uv": [0.008, 0.008], "uv_size": [0.592, 1.484]},
								"west": {"uv": [0.008, 0.008], "uv_size": [0.984, 1.484]},
								"up": {"uv": [0.6, 0.992], "uv_size": [-0.592, -0.984]},
								"down": {"uv": [0.6, 0.992], "uv_size": [-0.592, -0.984]}
							}
						},
						{
							"origin": [-5.04959, 2.21075, 0.92388],
							"size": [0.6, 1.5, 1],
							"pivot": [0, 0, 0],
							"rotation": [0, -45, 0],
							"uv": {
								"north": {"uv": [0.008, 0.008], "uv_size": [0.592, 1.484]},
								"east": {"uv": [0.008, 0.008], "uv_size": [0.984, 1.484]},
								"south": {"uv": [0.008, 0.008], "uv_size": [0.592, 1.484]},
								"west": {"uv": [0.008, 0.008], "uv_size": [0.984, 1.484]},
								"up": {"uv": [0.6, 0.992], "uv_size": [-0.592, -0.984]},
								"down": {"uv": [0.6, 0.992], "uv_size": [-0.592, -0.984]}
							}
						},
						{
							"origin": [-2.78595, 2.21075, -4.31166],
							"size": [1, 1.5, 0.6],
							"pivot": [0, 0, 0],
							"rotation": [0, 22.5, 0],
							"uv": {
								"north": {"uv": [0.008, 0.008], "uv_size": [0.984, 1.484]},
								"east": {"uv": [0.008, 0.008], "uv_size": [0.592, 1.484]},
								"south": {"uv": [0.008, 0.008], "uv_size": [0.984, 1.484]},
								"west": {"uv": [0.008, 0.008], "uv_size": [0.592, 1.484]},
								"up": {"uv": [0.6, 0.992], "uv_size": [-0.592, -0.984]},
								"down": {"uv": [0.6, 0.992], "uv_size": [-0.592, -0.984]}
							}
						},
						{
							"origin": [-4.79962, 2.21075, -2.29799],
							"size": [0.6, 1.5, 1],
							"pivot": [0, 0, 0],
							"rotation": [0, 22.5, 0],
							"uv": {
								"north": {"uv": [1.008, 0.008], "uv_size": [0.592, 1.484]},
								"east": {"uv": [1.008, 0.008], "uv_size": [0.984, 1.484]},
								"south": {"uv": [1.008, 0.008], "uv_size": [0.592, 1.484]},
								"west": {"uv": [1.008, 0.008], "uv_size": [0.984, 1.484]},
								"up": {"uv": [0.6, 1.992], "uv_size": [-0.592, -0.984]},
								"down": {"uv": [0.6, 1.992], "uv_size": [-0.592, -0.984]}
							}
						},
						{
							"origin": [-3.93755, 2.21075, -3.03592],
							"size": [0.6, 1.5, 1],
							"pivot": [0, 0, 0],
							"rotation": [0, 45, 0],
							"uv": {
								"north": {"uv": [1.008, 0.008], "uv_size": [0.592, 1.484]},
								"east": {"uv": [1.008, 0.008], "uv_size": [0.984, 1.484]},
								"south": {"uv": [1.008, 0.008], "uv_size": [0.592, 1.484]},
								"west": {"uv": [1.008, 0.008], "uv_size": [0.984, 1.484]},
								"up": {"uv": [0.6, 1.992], "uv_size": [-0.592, -0.984]},
								"down": {"uv": [0.6, 1.992], "uv_size": [-0.592, -0.984]}
							}
						},
						{
							"origin": [-3.3, 2.21075, 1.12734],
							"size": [1, 1.5, 0.6],
							"uv": {
								"north": {"uv": [1.008, 0.008], "uv_size": [0.984, 1.484]},
								"east": {"uv": [1.008, 0.008], "uv_size": [0.592, 1.484]},
								"south": {"uv": [1.008, 0.008], "uv_size": [0.984, 1.484]},
								"west": {"uv": [1.008, 0.008], "uv_size": [0.592, 1.484]},
								"up": {"uv": [0.992, 1.6], "uv_size": [-0.984, -0.592]},
								"down": {"uv": [0.992, 1.6], "uv_size": [-0.984, -0.592]}
							}
						},
						{
							"origin": [-3.38778, 2.21075, 2.25871],
							"size": [1, 1.5, 0.6],
							"pivot": [0, 0, 0],
							"rotation": [0, -22.5, 0],
							"uv": {
								"north": {"uv": [1.008, 0.008], "uv_size": [0.984, 1.484]},
								"east": {"uv": [1.008, 0.008], "uv_size": [0.592, 1.484]},
								"south": {"uv": [1.008, 0.008], "uv_size": [0.984, 1.484]},
								"west": {"uv": [1.008, 0.008], "uv_size": [0.592, 1.484]},
								"up": {"uv": [1.6, 0.992], "uv_size": [-0.592, -0.984]},
								"down": {"uv": [1.6, 0.992], "uv_size": [-0.592, -0.984]}
							}
						},
						{
							"origin": [-2.78595, 2.21075, 0.11568],
							"size": [1, 1.5, 0.6],
							"pivot": [0, 0, 0],
							"rotation": [0, 22.5, 0],
							"uv": {
								"north": {"uv": [1.008, 0.008], "uv_size": [0.984, 1.484]},
								"east": {"uv": [1.008, 0.008], "uv_size": [0.592, 1.484]},
								"south": {"uv": [1.008, 0.008], "uv_size": [0.984, 1.484]},
								"west": {"uv": [1.008, 0.008], "uv_size": [0.592, 1.484]},
								"up": {"uv": [1.6, 0.992], "uv_size": [-0.592, -0.984]},
								"down": {"uv": [1.6, 0.992], "uv_size": [-0.592, -0.984]}
							}
						},
						{
							"origin": [-1.92388, 2.21075, -0.62225],
							"size": [1, 1.5, 0.6],
							"pivot": [0, 0, 0],
							"rotation": [0, 45, 0],
							"uv": {
								"north": {"uv": [1.008, 0.008], "uv_size": [0.984, 1.484]},
								"east": {"uv": [1.008, 0.008], "uv_size": [0.592, 1.484]},
								"south": {"uv": [1.008, 0.008], "uv_size": [0.984, 1.484]},
								"west": {"uv": [1.008, 0.008], "uv_size": [0.592, 1.484]},
								"up": {"uv": [1.6, 0.992], "uv_size": [-0.592, -0.984]},
								"down": {"uv": [1.6, 0.992], "uv_size": [-0.592, -0.984]}
							}
						},
						{
							"origin": [-0.97411, 2.21075, -0.15496],
							"size": [0.6, 1.5, 1],
							"pivot": [0, 0, 0],
							"rotation": [0, -22.5, 0],
							"uv": {
								"north": {"uv": [1.008, 0.008], "uv_size": [0.592, 1.484]},
								"east": {"uv": [1.008, 0.008], "uv_size": [0.984, 1.484]},
								"south": {"uv": [1.008, 0.008], "uv_size": [0.592, 1.484]},
								"west": {"uv": [1.008, 0.008], "uv_size": [0.984, 1.484]},
								"up": {"uv": [0.6, 1.992], "uv_size": [-0.592, -0.984]},
								"down": {"uv": [0.6, 1.992], "uv_size": [-0.592, -0.984]}
							}
						}
					]
				},
				{
					"name": "bottomring2",
					"parent": "Pot",
					"pivot": [-8, 8, 8],
					"cubes": [
						{
							"origin": [-3.26064, 0.89795, -3.09336],
							"size": [0.9016, 1.3032, 0.54096],
							"uv": {
								"north": {"uv": [0.008, 0.008], "uv_size": [0.984, 1.984]},
								"east": {"uv": [0.008, 0.008], "uv_size": [0.592, 1.984]},
								"south": {"uv": [0.008, 0.008], "uv_size": [0.984, 1.984]},
								"west": {"uv": [0.008, 0.008], "uv_size": [0.592, 1.984]},
								"up": {"uv": [0.992, 0.6], "uv_size": [-0.984, -0.592]},
								"down": {"uv": [0.992, 0.6], "uv_size": [-0.984, -0.592]}
							}
						},
						{
							"origin": [-3.36325, 0.89795, -1.95512],
							"size": [0.9016, 1.3032, 0.54096],
							"pivot": [0, 0, 0],
							"rotation": [0, -22.5, 0],
							"uv": {
								"north": {"uv": [0.008, 0.008], "uv_size": [0.984, 1.984]},
								"east": {"uv": [0.008, 0.008], "uv_size": [0.592, 1.984]},
								"south": {"uv": [0.008, 0.008], "uv_size": [0.984, 1.984]},
								"west": {"uv": [0.008, 0.008], "uv_size": [0.592, 1.984]},
								"up": {"uv": [0.6, 0.992], "uv_size": [-0.592, -0.984]},
								"down": {"uv": [0.6, 0.992], "uv_size": [-0.592, -0.984]}
							}
						},
						{
							"origin": [-3.02246, 0.89795, -0.86427],
							"size": [0.9016, 1.3032, 0.54096],
							"pivot": [0, 0, 0],
							"rotation": [0, -45, 0],
							"uv": {
								"north": {"uv": [0.008, 0.008], "uv_size": [0.984, 1.984]},
								"east": {"uv": [0.008, 0.008], "uv_size": [0.592, 1.984]},
								"south": {"uv": [0.008, 0.008], "uv_size": [0.984, 1.984]},
								"west": {"uv": [0.008, 0.008], "uv_size": [0.592, 1.984]},
								"up": {"uv": [0.6, 0.992], "uv_size": [-0.592, -0.984]},
								"down": {"uv": [0.6, 0.992], "uv_size": [-0.592, -0.984]}
							}
						},
						{
							"origin": [-0.55409, 0.89795, -2.29016],
							"size": [0.54096, 1.3032, 0.9016],
							"pivot": [0, 0, 0],
							"rotation": [0, 22.5, 0],
							"uv": {
								"north": {"uv": [0.008, 0.008], "uv_size": [0.592, 1.984]},
								"east": {"uv": [0.008, 0.008], "uv_size": [0.984, 1.984]},
								"south": {"uv": [0.008, 0.008], "uv_size": [0.592, 1.984]},
								"west": {"uv": [0.008, 0.008], "uv_size": [0.984, 1.984]},
								"up": {"uv": [0.6, 0.992], "uv_size": [-0.592, -0.984]},
								"down": {"uv": [0.6, 0.992], "uv_size": [-0.592, -0.984]}
							}
						},
						{
							"origin": [-1.08448, 0.89795, -1.27784],
							"size": [0.54096, 1.3032, 0.9016],
							"uv": {
								"north": {"uv": [0.008, 0.008], "uv_size": [0.592, 1.984]},
								"east": {"uv": [0.008, 0.008], "uv_size": [0.984, 1.984]},
								"south": {"uv": [0.008, 0.008], "uv_size": [0.592, 1.984]},
								"west": {"uv": [0.008, 0.008], "uv_size": [0.984, 1.984]},
								"up": {"uv": [0.6, 0.992], "uv_size": [-0.592, -0.984]},
								"down": {"uv": [0.6, 0.992], "uv_size": [-0.592, -0.984]}
							}
						},
						{
							"origin": [-5.07616, 0.89795, -1.27784],
							"size": [0.54096, 1.3032, 0.9016],
							"uv": {
								"north": {"uv": [0.008, 0.008], "uv_size": [0.592, 1.984]},
								"east": {"uv": [0.008, 0.008], "uv_size": [0.984, 1.984]},
								"south": {"uv": [0.008, 0.008], "uv_size": [0.592, 1.984]},
								"west": {"uv": [0.008, 0.008], "uv_size": [0.984, 1.984]},
								"up": {"uv": [0.992, 0.6], "uv_size": [-0.984, -0.592]},
								"down": {"uv": [0.992, 0.6], "uv_size": [-0.984, -0.592]}
							}
						},
						{
							"origin": [-5.17878, 0.89795, -0.1396],
							"size": [0.54096, 1.3032, 0.9016],
							"pivot": [0, 0, 0],
							"rotation": [0, -22.5, 0],
							"uv": {
								"north": {"uv": [0.008, 0.008], "uv_size": [0.592, 1.984]},
								"east": {"uv": [0.008, 0.008], "uv_size": [0.984, 1.984]},
								"south": {"uv": [0.008, 0.008], "uv_size": [0.592, 1.984]},
								"west": {"uv": [0.008, 0.008], "uv_size": [0.984, 1.984]},
								"up": {"uv": [0.6, 0.992], "uv_size": [-0.592, -0.984]},
								"down": {"uv": [0.6, 0.992], "uv_size": [-0.592, -0.984]}
							}
						},
						{
							"origin": [-4.83799, 0.89795, 0.95125],
							"size": [0.54096, 1.3032, 0.9016],
							"pivot": [0, 0, 0],
							"rotation": [0, -45, 0],
							"uv": {
								"north": {"uv": [0.008, 0.008], "uv_size": [0.592, 1.984]},
								"east": {"uv": [0.008, 0.008], "uv_size": [0.984, 1.984]},
								"south": {"uv": [0.008, 0.008], "uv_size": [0.592, 1.984]},
								"west": {"uv": [0.008, 0.008], "uv_size": [0.984, 1.984]},
								"up": {"uv": [0.6, 0.992], "uv_size": [-0.592, -0.984]},
								"down": {"uv": [0.6, 0.992], "uv_size": [-0.592, -0.984]}
							}
						},
						{
							"origin": [-2.73026, 0.89795, -4.10568],
							"size": [0.9016, 1.3032, 0.54096],
							"pivot": [0, 0, 0],
							"rotation": [0, 22.5, 0],
							"uv": {
								"north": {"uv": [0.008, 0.008], "uv_size": [0.984, 1.984]},
								"east": {"uv": [0.008, 0.008], "uv_size": [0.592, 1.984]},
								"south": {"uv": [0.008, 0.008], "uv_size": [0.984, 1.984]},
								"west": {"uv": [0.008, 0.008], "uv_size": [0.592, 1.984]},
								"up": {"uv": [0.6, 0.992], "uv_size": [-0.592, -0.984]},
								"down": {"uv": [0.6, 0.992], "uv_size": [-0.592, -0.984]}
							}
						},
						{
							"origin": [-4.54579, 0.89795, -2.29016],
							"size": [0.54096, 1.3032, 0.9016],
							"pivot": [0, 0, 0],
							"rotation": [0, 22.5, 0],
							"uv": {
								"north": {"uv": [1.008, 0.008], "uv_size": [0.592, 1.984]},
								"east": {"uv": [1.008, 0.008], "uv_size": [0.984, 1.984]},
								"south": {"uv": [1.008, 0.008], "uv_size": [0.592, 1.984]},
								"west": {"uv": [1.008, 0.008], "uv_size": [0.984, 1.984]},
								"up": {"uv": [0.6, 1.992], "uv_size": [-0.592, -0.984]},
								"down": {"uv": [0.6, 1.992], "uv_size": [-0.592, -0.984]}
							}
						},
						{
							"origin": [-3.66838, 0.89795, -3.02246],
							"size": [0.54096, 1.3032, 0.9016],
							"pivot": [0, 0, 0],
							"rotation": [0, 45, 0],
							"uv": {
								"north": {"uv": [1.008, 0.008], "uv_size": [0.592, 1.984]},
								"east": {"uv": [1.008, 0.008], "uv_size": [0.984, 1.984]},
								"south": {"uv": [1.008, 0.008], "uv_size": [0.592, 1.984]},
								"west": {"uv": [1.008, 0.008], "uv_size": [0.984, 1.984]},
								"up": {"uv": [0.6, 1.992], "uv_size": [-0.592, -0.984]},
								"down": {"uv": [0.6, 1.992], "uv_size": [-0.592, -0.984]}
							}
						},
						{
							"origin": [-3.26064, 0.89795, 0.89833],
							"size": [0.9016, 1.3032, 0.54096],
							"uv": {
								"north": {"uv": [1.008, 0.008], "uv_size": [0.984, 1.984]},
								"east": {"uv": [1.008, 0.008], "uv_size": [0.592, 1.984]},
								"south": {"uv": [1.008, 0.008], "uv_size": [0.984, 1.984]},
								"west": {"uv": [1.008, 0.008], "uv_size": [0.592, 1.984]},
								"up": {"uv": [0.992, 1.6], "uv_size": [-0.984, -0.592]},
								"down": {"uv": [0.992, 1.6], "uv_size": [-0.984, -0.592]}
							}
						},
						{
							"origin": [-3.36325, 0.89795, 2.03656],
							"size": [0.9016, 1.3032, 0.54096],
							"pivot": [0, 0, 0],
							"rotation": [0, -22.5, 0],
							"uv": {
								"north": {"uv": [1.008, 0.008], "uv_size": [0.984, 1.984]},
								"east": {"uv": [1.008, 0.008], "uv_size": [0.592, 1.984]},
								"south": {"uv": [1.008, 0.008], "uv_size": [0.984, 1.984]},
								"west": {"uv": [1.008, 0.008], "uv_size": [0.592, 1.984]},
								"up": {"uv": [1.6, 0.992], "uv_size": [-0.592, -0.984]},
								"down": {"uv": [1.6, 0.992], "uv_size": [-0.592, -0.984]}
							}
						},
						{
							"origin": [-2.73026, 0.89795, -0.114],
							"size": [0.9016, 1.3032, 0.54096],
							"pivot": [0, 0, 0],
							"rotation": [0, 22.5, 0],
							"uv": {
								"north": {"uv": [1.008, 0.008], "uv_size": [0.984, 1.984]},
								"east": {"uv": [1.008, 0.008], "uv_size": [0.592, 1.984]},
								"south": {"uv": [1.008, 0.008], "uv_size": [0.984, 1.984]},
								"west": {"uv": [1.008, 0.008], "uv_size": [0.592, 1.984]},
								"up": {"uv": [1.6, 0.992], "uv_size": [-0.592, -0.984]},
								"down": {"uv": [1.6, 0.992], "uv_size": [-0.592, -0.984]}
							}
						},
						{
							"origin": [-1.85285, 0.89795, -0.8463],
							"size": [0.9016, 1.3032, 0.54096],
							"pivot": [0, 0, 0],
							"rotation": [0, 45, 0],
							"uv": {
								"north": {"uv": [1.008, 0.008], "uv_size": [0.984, 1.984]},
								"east": {"uv": [1.008, 0.008], "uv_size": [0.592, 1.984]},
								"south": {"uv": [1.008, 0.008], "uv_size": [0.984, 1.984]},
								"west": {"uv": [1.008, 0.008], "uv_size": [0.592, 1.984]},
								"up": {"uv": [1.6, 0.992], "uv_size": [-0.592, -0.984]},
								"down": {"uv": [1.6, 0.992], "uv_size": [-0.592, -0.984]}
							}
						},
						{
							"origin": [-1.18708, 0.89795, -0.1396],
							"size": [0.54096, 1.3032, 0.9016],
							"pivot": [0, 0, 0],
							"rotation": [0, -22.5, 0],
							"uv": {
								"north": {"uv": [1.008, 0.008], "uv_size": [0.592, 1.984]},
								"east": {"uv": [1.008, 0.008], "uv_size": [0.984, 1.984]},
								"south": {"uv": [1.008, 0.008], "uv_size": [0.592, 1.984]},
								"west": {"uv": [1.008, 0.008], "uv_size": [0.984, 1.984]},
								"up": {"uv": [0.6, 1.992], "uv_size": [-0.592, -0.984]},
								"down": {"uv": [0.6, 1.992], "uv_size": [-0.592, -0.984]}
							}
						}
					]
				},
				{
					"name": "bottomring3",
					"parent": "Pot",
					"pivot": [-8, 8, 8],
					"cubes": [
						{
							"origin": [-3.22544, 0, -2.90857],
							"size": [0.8136, 0.96385, 2.08816],
							"uv": {
								"north": {"uv": [0.008, 0.008], "uv_size": [0.984, 1.984]},
								"east": {"uv": [0.008, 0.008], "uv_size": [0.592, 1.984]},
								"south": {"uv": [0.008, 0.008], "uv_size": [0.984, 1.984]},
								"west": {"uv": [0.008, 0.008], "uv_size": [0.592, 1.984]},
								"up": {"uv": [0.992, 0.6], "uv_size": [-0.984, -0.592]},
								"down": {"uv": [0.992, 0.6], "uv_size": [-0.984, -0.592]}
							}
						},
						{
							"origin": [-3.34131, 0, -1.7642],
							"size": [0.8136, 0.96385, 1.48816],
							"pivot": [0, 0, 0],
							"rotation": [0, -22.5, 0],
							"uv": {
								"north": {"uv": [0.008, 0.008], "uv_size": [0.984, 1.984]},
								"east": {"uv": [0.008, 0.008], "uv_size": [0.592, 1.984]},
								"south": {"uv": [0.008, 0.008], "uv_size": [0.984, 1.984]},
								"west": {"uv": [0.008, 0.008], "uv_size": [0.592, 1.984]},
								"up": {"uv": [0.6, 0.992], "uv_size": [-0.592, -0.984]},
								"down": {"uv": [0.6, 0.992], "uv_size": [-0.592, -0.984]}
							}
						},
						{
							"origin": [-3.01042, 0, -0.66259],
							"size": [0.81361, 0.96385, 1.48816],
							"pivot": [0, 0, 0],
							"rotation": [0, -45, 0],
							"uv": {
								"north": {"uv": [0.008, 0.008], "uv_size": [0.984, 1.984]},
								"east": {"uv": [0.008, 0.008], "uv_size": [0.592, 1.984]},
								"south": {"uv": [0.008, 0.008], "uv_size": [0.984, 1.984]},
								"west": {"uv": [0.008, 0.008], "uv_size": [0.592, 1.984]},
								"up": {"uv": [0.6, 0.992], "uv_size": [-0.592, -0.984]},
								"down": {"uv": [0.6, 0.992], "uv_size": [-0.592, -0.984]}
							}
						},
						{
							"origin": [-1.71669, 0, -2.28316],
							"size": [1.48816, 0.96385, 0.8136],
							"pivot": [0, 0, 0],
							"rotation": [0, 22.5, 0],
							"uv": {
								"north": {"uv": [0.008, 0.008], "uv_size": [0.592, 1.984]},
								"east": {"uv": [0.008, 0.008], "uv_size": [0.984, 1.984]},
								"south": {"uv": [0.008, 0.008], "uv_size": [0.592, 1.984]},
								"west": {"uv": [0.008, 0.008], "uv_size": [0.984, 1.984]},
								"up": {"uv": [0.6, 0.992], "uv_size": [-0.592, -0.984]},
								"down": {"uv": [0.6, 0.992], "uv_size": [-0.592, -0.984]}
							}
						},
						{
							"origin": [-2.46167, 0, -1.27024],
							"size": [1.68816, 0.96385, 0.81361],
							"uv": {
								"north": {"uv": [0.008, 0.008], "uv_size": [0.592, 1.984]},
								"east": {"uv": [0.008, 0.008], "uv_size": [0.984, 1.984]},
								"south": {"uv": [0.008, 0.008], "uv_size": [0.592, 1.984]},
								"west": {"uv": [0.008, 0.008], "uv_size": [0.984, 1.984]},
								"up": {"uv": [0.6, 0.992], "uv_size": [-0.592, -0.984]},
								"down": {"uv": [0.6, 0.992], "uv_size": [-0.592, -0.984]}
							}
						},
						{
							"origin": [-4.86377, 0, -1.27024],
							"size": [1.68816, 0.96385, 0.81361],
							"uv": {
								"north": {"uv": [0.008, 0.008], "uv_size": [0.592, 1.984]},
								"east": {"uv": [0.008, 0.008], "uv_size": [0.984, 1.984]},
								"south": {"uv": [0.008, 0.008], "uv_size": [0.592, 1.984]},
								"west": {"uv": [0.008, 0.008], "uv_size": [0.984, 1.984]},
								"up": {"uv": [0.992, 0.6], "uv_size": [-0.984, -0.592]},
								"down": {"uv": [0.992, 0.6], "uv_size": [-0.984, -0.592]}
							}
						},
						{
							"origin": [-4.97964, 0, -0.12587],
							"size": [1.48816, 0.96385, 0.8136],
							"pivot": [0, 0, 0],
							"rotation": [0, -22.5, 0],
							"uv": {
								"north": {"uv": [0.008, 0.008], "uv_size": [0.592, 1.984]},
								"east": {"uv": [0.008, 0.008], "uv_size": [0.984, 1.984]},
								"south": {"uv": [0.008, 0.008], "uv_size": [0.592, 1.984]},
								"west": {"uv": [0.008, 0.008], "uv_size": [0.984, 1.984]},
								"up": {"uv": [0.6, 0.992], "uv_size": [-0.592, -0.984]},
								"down": {"uv": [0.6, 0.992], "uv_size": [-0.592, -0.984]}
							}
						},
						{
							"origin": [-4.64876, 0, 0.97574],
							"size": [1.58817, 0.96385, 0.8136],
							"pivot": [0, 0, 0],
							"rotation": [0, -45, 0],
							"uv": {
								"north": {"uv": [0.008, 0.008], "uv_size": [0.592, 1.984]},
								"east": {"uv": [0.008, 0.008], "uv_size": [0.984, 1.984]},
								"south": {"uv": [0.008, 0.008], "uv_size": [0.592, 1.984]},
								"west": {"uv": [0.008, 0.008], "uv_size": [0.984, 1.984]},
								"up": {"uv": [0.6, 0.992], "uv_size": [-0.592, -0.984]},
								"down": {"uv": [0.6, 0.992], "uv_size": [-0.592, -0.984]}
							}
						},
						{
							"origin": [-2.68046, 0, -3.92149],
							"size": [0.8136, 0.96385, 1.48816],
							"pivot": [0, 0, 0],
							"rotation": [0, 22.5, 0],
							"uv": {
								"north": {"uv": [0.008, 0.008], "uv_size": [0.984, 1.984]},
								"east": {"uv": [0.008, 0.008], "uv_size": [0.592, 1.984]},
								"south": {"uv": [0.008, 0.008], "uv_size": [0.984, 1.984]},
								"west": {"uv": [0.008, 0.008], "uv_size": [0.592, 1.984]},
								"up": {"uv": [0.6, 0.992], "uv_size": [-0.592, -0.984]},
								"down": {"uv": [0.6, 0.992], "uv_size": [-0.592, -0.984]}
							}
						},
						{
							"origin": [-4.31879, 0, -2.28316],
							"size": [1.48816, 0.96385, 0.81361],
							"pivot": [0, 0, 0],
							"rotation": [0, 22.5, 0],
							"uv": {
								"north": {"uv": [1.008, 0.008], "uv_size": [0.592, 1.984]},
								"east": {"uv": [1.008, 0.008], "uv_size": [0.984, 1.984]},
								"south": {"uv": [1.008, 0.008], "uv_size": [0.592, 1.984]},
								"west": {"uv": [1.008, 0.008], "uv_size": [0.984, 1.984]},
								"up": {"uv": [0.6, 1.992], "uv_size": [-0.592, -0.984]},
								"down": {"uv": [0.6, 1.992], "uv_size": [-0.592, -0.984]}
							}
						},
						{
							"origin": [-3.42768, 0, -3.01042],
							"size": [1.48817, 0.96385, 0.8136],
							"pivot": [0, 0, 0],
							"rotation": [0, 45, 0],
							"uv": {
								"north": {"uv": [1.008, 0.008], "uv_size": [0.592, 1.984]},
								"east": {"uv": [1.008, 0.008], "uv_size": [0.984, 1.984]},
								"south": {"uv": [1.008, 0.008], "uv_size": [0.592, 1.984]},
								"west": {"uv": [1.008, 0.008], "uv_size": [0.984, 1.984]},
								"up": {"uv": [0.6, 1.992], "uv_size": [-0.592, -0.984]},
								"down": {"uv": [0.6, 1.992], "uv_size": [-0.592, -0.984]}
							}
						},
						{
							"origin": [-3.22544, 0, -0.90647],
							"size": [0.8136, 0.96385, 2.08816],
							"uv": {
								"north": {"uv": [1.008, 0.008], "uv_size": [0.984, 1.984]},
								"east": {"uv": [1.008, 0.008], "uv_size": [0.592, 1.984]},
								"south": {"uv": [1.008, 0.008], "uv_size": [0.984, 1.984]},
								"west": {"uv": [1.008, 0.008], "uv_size": [0.592, 1.984]},
								"up": {"uv": [0.992, 1.6], "uv_size": [-0.984, -0.592]},
								"down": {"uv": [0.992, 1.6], "uv_size": [-0.984, -0.592]}
							}
						},
						{
							"origin": [-3.34131, 0, 0.8379],
							"size": [0.8136, 0.96385, 1.48816],
							"pivot": [0, 0, 0],
							"rotation": [0, -22.5, 0],
							"uv": {
								"north": {"uv": [1.008, 0.008], "uv_size": [0.984, 1.984]},
								"east": {"uv": [1.008, 0.008], "uv_size": [0.592, 1.984]},
								"south": {"uv": [1.008, 0.008], "uv_size": [0.984, 1.984]},
								"west": {"uv": [1.008, 0.008], "uv_size": [0.592, 1.984]},
								"up": {"uv": [1.6, 0.992], "uv_size": [-0.592, -0.984]},
								"down": {"uv": [1.6, 0.992], "uv_size": [-0.592, -0.984]}
							}
						},
						{
							"origin": [-2.68046, 0, -1.31939],
							"size": [0.8136, 0.96385, 1.48816],
							"pivot": [0, 0, 0],
							"rotation": [0, 22.5, 0],
							"uv": {
								"north": {"uv": [1.008, 0.008], "uv_size": [0.984, 1.984]},
								"east": {"uv": [1.008, 0.008], "uv_size": [0.592, 1.984]},
								"south": {"uv": [1.008, 0.008], "uv_size": [0.984, 1.984]},
								"west": {"uv": [1.008, 0.008], "uv_size": [0.592, 1.984]},
								"up": {"uv": [1.6, 0.992], "uv_size": [-0.592, -0.984]},
								"down": {"uv": [1.6, 0.992], "uv_size": [-0.592, -0.984]}
							}
						},
						{
							"origin": [-1.78934, 0, -2.14665],
							"size": [0.81361, 0.96385, 1.58816],
							"pivot": [0, 0, 0],
							"rotation": [0, 45, 0],
							"uv": {
								"north": {"uv": [1.008, 0.008], "uv_size": [0.984, 1.984]},
								"east": {"uv": [1.008, 0.008], "uv_size": [0.592, 1.984]},
								"south": {"uv": [1.008, 0.008], "uv_size": [0.984, 1.984]},
								"west": {"uv": [1.008, 0.008], "uv_size": [0.592, 1.984]},
								"up": {"uv": [1.6, 0.992], "uv_size": [-0.592, -0.984]},
								"down": {"uv": [1.6, 0.992], "uv_size": [-0.592, -0.984]}
							}
						},
						{
							"origin": [-2.37754, 0, -0.12587],
							"size": [1.48816, 0.96385, 0.81361],
							"pivot": [0, 0, 0],
							"rotation": [0, -22.5, 0],
							"uv": {
								"north": {"uv": [1.008, 0.008], "uv_size": [0.592, 1.984]},
								"east": {"uv": [1.008, 0.008], "uv_size": [0.984, 1.984]},
								"south": {"uv": [1.008, 0.008], "uv_size": [0.592, 1.984]},
								"west": {"uv": [1.008, 0.008], "uv_size": [0.984, 1.984]},
								"up": {"uv": [0.6, 1.992], "uv_size": [-0.592, -0.984]},
								"down": {"uv": [0.6, 1.992], "uv_size": [-0.592, -0.984]}
							}
						}
					]
				},
				{
					"name": "Pot5",
					"pivot": [-8, 8, 8]
				},
				{
					"name": "topring2",
					"parent": "Pot5",
					"pivot": [-8, 8, 8],
					"cubes": [
						{
							"origin": [-3.3604, 7.16051, -3.67464],
							"size": [1.12488, 1.24976, 0.67493],
							"uv": {
								"north": {"uv": [0.008, 0.008], "uv_size": [0.984, 1.984]},
								"east": {"uv": [0.008, 0.008], "uv_size": [0.592, 1.984]},
								"south": {"uv": [0.008, 0.008], "uv_size": [0.984, 1.984]},
								"west": {"uv": [0.008, 0.008], "uv_size": [0.592, 1.984]},
								"up": {"uv": [0.992, 0.6], "uv_size": [-0.984, -0.592]},
								"down": {"uv": [0.992, 0.6], "uv_size": [-0.984, -0.592]}
							}
						},
						{
							"origin": [-3.47158, 7.16051, -2.53943],
							"size": [1.12488, 1.24976, 0.67493],
							"pivot": [0, 0, 0],
							"rotation": [0, -22.5, 0],
							"uv": {
								"north": {"uv": [0.008, 0.008], "uv_size": [0.984, 1.984]},
								"east": {"uv": [0.008, 0.008], "uv_size": [0.592, 1.984]},
								"south": {"uv": [0.008, 0.008], "uv_size": [0.984, 1.984]},
								"west": {"uv": [0.008, 0.008], "uv_size": [0.592, 1.984]},
								"up": {"uv": [0.6, 0.992], "uv_size": [-0.592, -0.984]},
								"down": {"uv": [0.6, 0.992], "uv_size": [-0.592, -0.984]}
							}
						},
						{
							"origin": [-3.13987, 7.16051, -1.44808],
							"size": [1.12488, 1.24976, 0.67493],
							"pivot": [0, 0, 0],
							"rotation": [0, -45, 0],
							"uv": {
								"north": {"uv": [0.008, 0.008], "uv_size": [0.984, 1.984]},
								"east": {"uv": [0.008, 0.008], "uv_size": [0.592, 1.984]},
								"south": {"uv": [0.008, 0.008], "uv_size": [0.984, 1.984]},
								"west": {"uv": [0.008, 0.008], "uv_size": [0.592, 1.984]},
								"up": {"uv": [0.6, 0.992], "uv_size": [-0.592, -0.984]},
								"down": {"uv": [0.6, 0.992], "uv_size": [-0.592, -0.984]}
							}
						},
						{
							"origin": [-0.10817, 7.16051, -2.41576],
							"size": [0.67493, 1.24976, 1.12488],
							"pivot": [0, 0, 0],
							"rotation": [0, 22.5, 0],
							"uv": {
								"north": {"uv": [0.008, 0.008], "uv_size": [0.592, 1.984]},
								"east": {"uv": [0.008, 0.008], "uv_size": [0.984, 1.984]},
								"south": {"uv": [0.008, 0.008], "uv_size": [0.592, 1.984]},
								"west": {"uv": [0.008, 0.008], "uv_size": [0.984, 1.984]},
								"up": {"uv": [0.6, 0.992], "uv_size": [-0.592, -0.984]},
								"down": {"uv": [0.6, 0.992], "uv_size": [-0.592, -0.984]}
							}
						},
						{
							"origin": [-0.64531, 7.16051, -1.4095],
