{
	"format_version": "1.12.0",
	"minecraft:geometry": [
		{
			"description": {
				"identifier": "geometry.pot_spilled",
				"texture_width": 32,
				"texture_height": 16,
				"visible_bounds_width": 2,
				"visible_bounds_height": 1.5,
				"visible_bounds_offset": [0, 0.25, 0]
			},
			"bones": [
				{
					"name": "Pot",
					"pivot": [0, -0.00391, 0],
					"rotation": [-12, 0, 0]
				},
				{
					"name": "topring",
					"parent": "Pot",
					"pivot": [-8, 7.99609, 8],
					"cubes": [
						{
							"origin": [0.32309, 5.17112, -0.69105],
							"size": [1.12488, 0.67493, 1.24976],
							"pivot": [0, 0, 0],
							"rotation": [-180, 0, 180],
							"uv": {
								"north": {"uv": [0.015, 0.015], "uv_size": [0.97, 0.585]},
								"east": {"uv": [0.015, 0.015], "uv_size": [0.585, 1.97]},
								"south": {"uv": [0.015, 0.015], "uv_size": [0.97, 0.585]},
								"west": {"uv": [0.015, 0.015], "uv_size": [0.585, 1.97]},
								"up": {"uv": [0.985, 1.985], "uv_size": [-0.97, -1.97]},
								"down": {"uv": [0.985, 1.985], "uv_size": [-0.97, -1.97]}
							}
						},
						{
							"origin": [-0.89944, 5.28023, -0.69105],
							"size": [1.12488, 0.67493, 1.24976],
							"pivot": [0, 0, 0],
							"rotation": [180, 0, 157.5],
							"uv": {
								"north": {"uv": [0.015, 0.015], "uv_size": [0.585, 0.97]},
								"east": {"uv": [0.015, 0.015], "uv_size": [0.585, 1.97]},
								"south": {"uv": [0.015, 0.015], "uv_size": [0.585, 0.97]},
								"west": {"uv": [0.015, 0.015], "uv_size": [0.585, 1.97]},
								"up": {"uv": [0.985, 1.985], "uv_size": [-0.97, -1.97]},
								"down": {"uv": [0.985, 1.985], "uv_size": [-0.97, -1.97]}
							}
						},
						{
							"origin": [-2.07066, 4.91319, -0.69105],
							"size": [1.12488, 0.67493, 1.24976],
							"pivot": [0, 0, 0],
							"rotation": [180, 0, 135],
							"uv": {
								"north": {"uv": [0.015, 0.015], "uv_size": [0.585, 0.97]},
								"east": {"uv": [0.015, 0.015], "uv_size": [0.585, 1.97]},
								"south": {"uv": [0.015, 0.015], "uv_size": [0.585, 0.97]},
								"west": {"uv": [0.015, 0.015], "uv_size": [0.585, 1.97]},
								"up": {"uv": [0.985, 1.985], "uv_size": [-0.97, -1.97]},
								"down": {"uv": [0.985, 1.985], "uv_size": [-0.97, -1.97]}
							}
						},
						{
							"origin": [4.1259, 1.88738, -0.69105],
							"size": [0.67493, 1.12488, 1.24976],
							"pivot": [0, 0, 0],
							"rotation": [-180, 0, -157.5],
							"uv": {
								"north": {"uv": [0.015, 0.015], "uv_size": [0.585, 0.97]},
								"east": {"uv": [0.015, 0.015], "uv_size": [0.97, 1.97]},
								"south": {"uv": [0.015, 0.015], "uv_size": [0.585, 0.97]},
								"west": {"uv": [0.015, 0.015], "uv_size": [0.97, 1.97]},
								"up": {"uv": [0.6, 1.985], "uv_size": [-0.585, -1.97]},
								"down": {"uv": [0.6, 1.985], "uv_size": [-0.585, -1.97]}
							}
						},
						{
							"origin": [3.03818, 2.45603, -0.69105],
							"size": [0.67493, 1.12488, 1.24976],
							"pivot": [0, 0, 0],
							"rotation": [-180, 0, 180],
							"uv": {
								"north": {"uv": [0.015, 0.015], "uv_size": [0.585, 0.97]},
								"east": {"uv": [0.015, 0.015], "uv_size": [0.97, 1.97]},
								"south": {"uv": [0.015, 0.015], "uv_size": [0.585, 0.97]},
								"west": {"uv": [0.015, 0.015], "uv_size": [0.97, 1.97]},
								"up": {"uv": [0.6, 1.985], "uv_size": [-0.585, -1.97]},
								"down": {"uv": [0.6, 1.985], "uv_size": [-0.585, -1.97]}
							}
						},
						{
							"origin": [-1.94205, 2.45603, -0.69105],
							"size": [0.67493, 1.12488, 1.24976],
							"pivot": [0, 0, 0],
							"rotation": [-180, 0, 180],
							"uv": {
								"north": {"uv": [0.015, 0.015], "uv_size": [0.97, 0.585]},
								"east": {"uv": [0.015, 0.015], "uv_size": [0.97, 1.97]},
								"south": {"uv": [0.015, 0.015], "uv_size": [0.97, 0.585]},
								"west": {"uv": [0.015, 0.015], "uv_size": [0.97, 1.97]},
								"up": {"uv": [0.6, 1.985], "uv_size": [-0.585, -1.97]},
								"down": {"uv": [0.6, 1.985], "uv_size": [-0.585, -1.97]}
							}
						},
						{
							"origin": [-3.16457, 2.56514, -0.69105],
							"size": [0.67492, 1.12488, 1.24976],
							"pivot": [0, 0, 0],
							"rotation": [180, 0, 157.5],
							"uv": {
								"north": {"uv": [0.015, 0.015], "uv_size": [0.585, 0.97]},
								"east": {"uv": [0.015, 0.015], "uv_size": [0.97, 1.97]},
								"south": {"uv": [0.015, 0.015], "uv_size": [0.585, 0.97]},
								"west": {"uv": [0.015, 0.015], "uv_size": [0.97, 1.97]},
								"up": {"uv": [0.6, 1.985], "uv_size": [-0.585, -1.97]},
								"down": {"uv": [0.6, 1.985], "uv_size": [-0.585, -1.97]}
							}
						},
						{
							"origin": [-4.33579, 2.19811, -0.69105],
							"size": [0.67492, 1.12488, 1.24976],
							"pivot": [0, 0, 0],
							"rotation": [180, 0, 135],
							"uv": {
								"north": {"uv": [0.015, 0.015], "uv_size": [0.585, 0.97]},
								"east": {"uv": [0.015, 0.015], "uv_size": [0.97, 1.97]},
								"south": {"uv": [0.015, 0.015], "uv_size": [0.585, 0.97]},
								"west": {"uv": [0.015, 0.015], "uv_size": [0.97, 1.97]},
								"up": {"uv": [0.6, 1.985], "uv_size": [-0.585, -1.97]},
								"down": {"uv": [0.6, 1.985], "uv_size": [-0.585, -1.97]}
							}
						},
						{
							"origin": [1.41081, 4.60247, -0.69105],
							"size": [1.12488, 0.67493, 1.24976],
							"pivot": [0, 0, 0],
							"rotation": [-180, 0, -157.5],
							"uv": {
								"north": {"uv": [0.015, 0.015], "uv_size": [0.585, 0.97]},
								"east": {"uv": [0.015, 0.015], "uv_size": [0.585, 1.97]},
								"south": {"uv": [0.015, 0.015], "uv_size": [0.585, 0.97]},
								"west": {"uv": [0.015, 0.015], "uv_size": [0.585, 1.97]},
								"up": {"uv": [0.985, 1.985], "uv_size": [-0.97, -1.97]},
								"down": {"uv": [0.985, 1.985], "uv_size": [-0.97, -1.97]}
							}
						},
						{
							"origin": [-0.85433, 1.88738, -0.69105],
							"size": [0.67492, 1.12488, 1.24976],
							"pivot": [0, 0, 0],
							"rotation": [-180, 0, -157.5],
							"uv": {
								"north": {"uv": [0.015, 1.015], "uv_size": [0.585, 0.97]},
								"east": {"uv": [1.015, 0.015], "uv_size": [0.97, 1.97]},
								"south": {"uv": [0.015, 1.015], "uv_size": [0.585, 0.97]},
								"west": {"uv": [1.015, 0.015], "uv_size": [0.97, 1.97]},
								"up": {"uv": [1.6, 1.985], "uv_size": [-0.585, -1.97]},
								"down": {"uv": [1.6, 1.985], "uv_size": [-0.585, -1.97]}
							}
						},
						{
							"origin": [-0.06703, 0.94578, -0.69105],
							"size": [0.67492, 1.12488, 1.24976],
							"pivot": [0, 0, 0],
							"rotation": [-180, 0, -135],
							"uv": {
								"north": {"uv": [0.015, 1.015], "uv_size": [0.585, 0.97]},
								"east": {"uv": [1.015, 0.015], "uv_size": [0.97, 1.97]},
								"south": {"uv": [0.015, 1.015], "uv_size": [0.585, 0.97]},
								"west": {"uv": [1.015, 0.015], "uv_size": [0.97, 1.97]},
								"up": {"uv": [1.6, 1.985], "uv_size": [-0.585, -1.97]},
								"down": {"uv": [1.6, 1.985], "uv_size": [-0.585, -1.97]}
							}
						},
						{
							"origin": [0.32309, 0.1909, -0.69105],
							"size": [1.12488, 0.67492, 1.24976],
							"pivot": [0, 0, 0],
							"rotation": [-180, 0, 180],
							"uv": {
								"north": {"uv": [0.015, 1.015], "uv_size": [0.97, 0.585]},
								"east": {"uv": [1.015, 0.015], "uv_size": [0.585, 1.97]},
								"south": {"uv": [0.015, 1.015], "uv_size": [0.97, 0.585]},
								"west": {"uv": [1.015, 0.015], "uv_size": [0.585, 1.97]},
								"up": {"uv": [1.985, 1.985], "uv_size": [-0.97, -1.97]},
								"down": {"uv": [1.985, 1.985], "uv_size": [-0.97, -1.97]}
							}
						},
						{
							"origin": [-0.89944, 0.3, -0.69105],
							"size": [1.12488, 0.67493, 1.24976],
							"pivot": [0, 0, 0],
							"rotation": [180, 0, 157.5],
							"uv": {
								"north": {"uv": [1.015, 0.015], "uv_size": [0.585, 0.97]},
								"east": {"uv": [1.015, 0.015], "uv_size": [0.585, 1.97]},
								"south": {"uv": [1.015, 0.015], "uv_size": [0.585, 0.97]},
								"west": {"uv": [1.015, 0.015], "uv_size": [0.585, 1.97]},
								"up": {"uv": [1.985, 1.985], "uv_size": [-0.97, -1.97]},
								"down": {"uv": [1.985, 1.985], "uv_size": [-0.97, -1.97]}
							}
						},
						{
							"origin": [1.4108, -0.37775, -0.69105],
							"size": [1.12488, 0.67493, 1.24976],
							"pivot": [0, 0, 0],
							"rotation": [-180, 0, -157.5],
							"uv": {
								"north": {"uv": [1.015, 0.015], "uv_size": [0.585, 0.97]},
								"east": {"uv": [1.015, 0.015], "uv_size": [0.585, 1.97]},
								"south": {"uv": [1.015, 0.015], "uv_size": [0.585, 0.97]},
								"west": {"uv": [1.015, 0.015], "uv_size": [0.585, 1.97]},
								"up": {"uv": [1.985, 1.985], "uv_size": [-0.97, -1.97]},
								"down": {"uv": [1.985, 1.985], "uv_size": [-0.97, -1.97]}
							}
						},
						{
							"origin": [2.1981, -1.31936, -0.69105],
							"size": [1.12488, 0.67493, 1.24976],
							"pivot": [0, 0, 0],
							"rotation": [-180, 0, -135],
							"uv": {
								"north": {"uv": [1.015, 0.015], "uv_size": [0.585, 0.97]},
								"east": {"uv": [1.015, 0.015], "uv_size": [0.585, 1.97]},
								"south": {"uv": [1.015, 0.015], "uv_size": [0.585, 0.97]},
								"west": {"uv": [1.015, 0.015], "uv_size": [0.585, 1.97]},
								"up": {"uv": [1.985, 1.985], "uv_size": [-0.97, -1.97]},
								"down": {"uv": [1.985, 1.985], "uv_size": [-0.97, -1.97]}
							}
						},
						{
							"origin": [1.81565, 2.56513, -0.69105],
							"size": [0.67493, 1.12488, 1.24976],
							"pivot": [0, 0, 0],
							"rotation": [180, 0, 157.5],
							"uv": {
								"north": {"uv": [0.015, 1.015], "uv_size": [0.585, 0.97]},
								"east": {"uv": [1.015, 0.015], "uv_size": [0.97, 1.97]},
								"south": {"uv": [0.015, 1.015], "uv_size": [0.585, 0.97]},
								"west": {"uv": [1.015, 0.015], "uv_size": [0.97, 1.97]},
								"up": {"uv": [1.6, 1.985], "uv_size": [-0.585, -1.97]},
								"down": {"uv": [1.6, 1.985], "uv_size": [-0.585, -1.97]}
							}
						}
					]
				},
				{
					"name": "bottomring",
					"parent": "Pot",
					"pivot": [-8, 7.99609, 8],
					"cubes": [
						{
							"origin": [0.38349, 4.87141, -2.14081],
							"size": [1, 0.6, 1.5],
							"pivot": [0, 0, 0],
							"rotation": [-180, 0, 180],
							"uv": {
								"north": {"uv": [0.015, 0.015], "uv_size": [0.97, 0.585]},
								"east": {"uv": [0.015, 0.015], "uv_size": [0.585, 1.47]},
								"south": {"uv": [0.015, 0.015], "uv_size": [0.97, 0.585]},
								"west": {"uv": [0.015, 0.015], "uv_size": [0.585, 1.47]},
								"up": {"uv": [0.985, 1.485], "uv_size": [-0.97, -1.47]},
								"down": {"uv": [0.985, 1.485], "uv_size": [-0.97, -1.47]}
							}
						},
						{
							"origin": [-0.81564, 4.98436, -2.14081],
							"size": [1, 0.6, 1.5],
							"pivot": [0, 0, 0],
							"rotation": [180, 0, 157.5],
							"uv": {
								"north": {"uv": [0.015, 0.015], "uv_size": [0.585, 0.97]},
								"east": {"uv": [0.015, 0.015], "uv_size": [0.585, 1.47]},
								"south": {"uv": [0.015, 0.015], "uv_size": [0.585, 0.97]},
								"west": {"uv": [0.015, 0.015], "uv_size": [0.585, 1.47]},
								"up": {"uv": [0.985, 1.485], "uv_size": [-0.97, -1.47]},
								"down": {"uv": [0.985, 1.485], "uv_size": [-0.97, -1.47]}
							}
						},
						{
							"origin": [-1.96672, 4.62983, -2.14081],
							"size": [1, 0.6, 1.5],
							"pivot": [0, 0, 0],
							"rotation": [180, 0, 135],
							"uv": {
								"north": {"uv": [0.015, 0.015], "uv_size": [0.585, 0.97]},
								"east": {"uv": [0.015, 0.015], "uv_size": [0.585, 1.47]},
								"south": {"uv": [0.015, 0.015], "uv_size": [0.585, 0.97]},
								"west": {"uv": [0.015, 0.015], "uv_size": [0.585, 1.47]},
								"up": {"uv": [0.985, 1.485], "uv_size": [-0.97, -1.47]},
								"down": {"uv": [0.985, 1.485], "uv_size": [-0.97, -1.47]}
							}
						},
						{
							"origin": [3.86179, 1.8945, -2.14081],
							"size": [0.6, 1, 1.5],
							"pivot": [0, 0, 0],
							"rotation": [-180, 0, -157.5],
							"uv": {
								"north": {"uv": [0.015, 0.015], "uv_size": [0.585, 0.97]},
								"east": {"uv": [0.015, 0.015], "uv_size": [0.97, 1.47]},
								"south": {"uv": [0.015, 0.015], "uv_size": [0.585, 0.97]},
								"west": {"uv": [0.015, 0.015], "uv_size": [0.97, 1.47]},
								"up": {"uv": [0.6, 1.485], "uv_size": [-0.585, -1.47]},
								"down": {"uv": [0.6, 1.485], "uv_size": [-0.585, -1.47]}
							}
						},
						{
							"origin": [2.79716, 2.45774, -2.14081],
							"size": [0.6, 1, 1.5],
							"pivot": [0, 0, 0],
							"rotation": [-180, 0, 180],
							"uv": {
								"north": {"uv": [0.015, 0.015], "uv_size": [0.585, 0.97]},
								"east": {"uv": [0.015, 0.015], "uv_size": [0.97, 1.47]},
								"south": {"uv": [0.015, 0.015], "uv_size": [0.585, 0.97]},
								"west": {"uv": [0.015, 0.015], "uv_size": [0.97, 1.47]},
								"up": {"uv": [0.6, 1.485], "uv_size": [-0.585, -1.47]},
								"down": {"uv": [0.6, 1.485], "uv_size": [-0.585, -1.47]}
							}
						},
						{
							"origin": [-1.63018, 2.45774, -2.14081],
							"size": [0.6, 1, 1.5],
							"pivot": [0, 0, 0],
							"rotation": [-180, 0, 180],
							"uv": {
								"north": {"uv": [0.015, 0.015], "uv_size": [0.97, 0.585]},
								"east": {"uv": [0.015, 0.015], "uv_size": [0.97, 1.47]},
								"south": {"uv": [0.015, 0.015], "uv_size": [0.97, 0.585]},
								"west": {"uv": [0.015, 0.015], "uv_size": [0.97, 1.47]},
								"up": {"uv": [0.6, 1.485], "uv_size": [-0.585, -1.47]},
								"down": {"uv": [0.6, 1.485], "uv_size": [-0.585, -1.47]}
							}
						},
						{
							"origin": [-2.82932, 2.57069, -2.14081],
							"size": [0.6, 1, 1.5],
							"pivot": [0, 0, 0],
							"rotation": [180, 0, 157.5],
							"uv": {
								"north": {"uv": [0.015, 0.015], "uv_size": [0.585, 0.97]},
								"east": {"uv": [0.015, 0.015], "uv_size": [0.97, 1.47]},
								"south": {"uv": [0.015, 0.015], "uv_size": [0.585, 0.97]},
								"west": {"uv": [0.015, 0.015], "uv_size": [0.97, 1.47]},
								"up": {"uv": [0.6, 1.485], "uv_size": [-0.585, -1.47]},
								"down": {"uv": [0.6, 1.485], "uv_size": [-0.585, -1.47]}
							}
						},
						{
							"origin": [-3.98039, 2.21616, -2.14081],
							"size": [0.6, 1, 1.5],
							"pivot": [0, 0, 0],
							"rotation": [180, 0, 135],
							"uv": {
								"north": {"uv": [0.015, 0.015], "uv_size": [0.585, 0.97]},
								"east": {"uv": [0.015, 0.015], "uv_size": [0.97, 1.47]},
								"south": {"uv": [0.015, 0.015], "uv_size": [0.585, 0.97]},
								"west": {"uv": [0.015, 0.015], "uv_size": [0.97, 1.47]},
								"up": {"uv": [0.6, 1.485], "uv_size": [-0.585, -1.47]},
								"down": {"uv": [0.6, 1.485], "uv_size": [-0.585, -1.47]}
							}
						},
						{
							"origin": [1.44812, 4.30817, -2.14081],
							"size": [1, 0.6, 1.5],
							"pivot": [0, 0, 0],
							"rotation": [-180, 0, -157.5],
							"uv": {
								"north": {"uv": [0.015, 0.015], "uv_size": [0.585, 0.97]},
								"east": {"uv": [0.015, 0.015], "uv_size": [0.585, 1.47]},
								"south": {"uv": [0.015, 0.015], "uv_size": [0.585, 0.97]},
								"west": {"uv": [0.015, 0.015], "uv_size": [0.585, 1.47]},
								"up": {"uv": [0.985, 1.485], "uv_size": [-0.97, -1.47]},
								"down": {"uv": [0.985, 1.485], "uv_size": [-0.97, -1.47]}
							}
						},
						{
							"origin": [-0.56555, 1.89449, -2.14081],
							"size": [0.6, 1, 1.5],
							"pivot": [0, 0, 0],
							"rotation": [-180, 0, -157.5],
							"uv": {
								"north": {"uv": [0.015, 1.015], "uv_size": [0.585, 0.97]},
								"east": {"uv": [1.015, 0.015], "uv_size": [0.97, 1.47]},
								"south": {"uv": [0.015, 1.015], "uv_size": [0.585, 0.97]},
								"west": {"uv": [1.015, 0.015], "uv_size": [0.97, 1.47]},
								"up": {"uv": [1.6, 1.485], "uv_size": [-0.585, -1.47]},
								"down": {"uv": [1.6, 1.485], "uv_size": [-0.585, -1.47]}
							}
						},
						{
							"origin": [0.20249, 0.96672, -2.14081],
							"size": [0.6, 1, 1.5],
							"pivot": [0, 0, 0],
							"rotation": [-180, 0, -135],
							"uv": {
								"north": {"uv": [0.015, 1.015], "uv_size": [0.585, 0.97]},
								"east": {"uv": [1.015, 0.015], "uv_size": [0.97, 1.47]},
								"south": {"uv": [0.015, 1.015], "uv_size": [0.585, 0.97]},
								"west": {"uv": [1.015, 0.015], "uv_size": [0.97, 1.47]},
								"up": {"uv": [1.6, 1.485], "uv_size": [-0.585, -1.47]},
								"down": {"uv": [1.6, 1.485], "uv_size": [-0.585, -1.47]}
							}
						},
						{
							"origin": [0.38349, 0.44407, -2.14081],
							"size": [1, 0.6, 1.5],
							"pivot": [0, 0, 0],
							"rotation": [-180, 0, 180],
							"uv": {
								"north": {"uv": [0.015, 1.015], "uv_size": [0.97, 0.585]},
								"east": {"uv": [1.015, 0.015], "uv_size": [0.585, 1.47]},
								"south": {"uv": [0.015, 1.015], "uv_size": [0.97, 0.585]},
								"west": {"uv": [1.015, 0.015], "uv_size": [0.585, 1.47]},
								"up": {"uv": [1.985, 1.485], "uv_size": [-0.97, -1.47]},
								"down": {"uv": [1.985, 1.485], "uv_size": [-0.97, -1.47]}
							}
						},
						{
							"origin": [-0.81564, 0.55702, -2.14081],
							"size": [1, 0.6, 1.5],
							"pivot": [0, 0, 0],
							"rotation": [180, 0, 157.5],
							"uv": {
								"north": {"uv": [1.015, 0.015], "uv_size": [0.585, 0.97]},
								"east": {"uv": [1.015, 0.015], "uv_size": [0.585, 1.47]},
								"south": {"uv": [1.015, 0.015], "uv_size": [0.585, 0.97]},
								"west": {"uv": [1.015, 0.015], "uv_size": [0.585, 1.47]},
								"up": {"uv": [1.985, 1.485], "uv_size": [-0.97, -1.47]},
								"down": {"uv": [1.985, 1.485], "uv_size": [-0.97, -1.47]}
							}
						},
						{
							"origin": [1.44812, -0.11918, -2.14081],
							"size": [1, 0.6, 1.5],
							"pivot": [0, 0, 0],
							"rotation": [-180, 0, -157.5],
							"uv": {
								"north": {"uv": [1.015, 0.015], "uv_size": [0.585, 0.97]},
								"east": {"uv": [1.015, 0.015], "uv_size": [0.585, 1.47]},
								"south": {"uv": [1.015, 0.015], "uv_size": [0.585, 0.97]},
								"west": {"uv": [1.015, 0.015], "uv_size": [0.585, 1.47]},
								"up": {"uv": [1.985, 1.485], "uv_size": [-0.97, -1.47]},
								"down": {"uv": [1.985, 1.485], "uv_size": [-0.97, -1.47]}
							}
						},
						{
							"origin": [2.21616, -1.04696, -2.14081],
							"size": [1, 0.6, 1.5],
							"pivot": [0, 0, 0],
							"rotation": [-180, 0, -135],
							"uv": {
								"north": {"uv": [1.015, 0.015], "uv_size": [0.585, 0.97]},
								"east": {"uv": [1.015, 0.015], "uv_size": [0.585, 1.47]},
								"south": {"uv": [1.015, 0.015], "uv_size": [0.585, 0.97]},
								"west": {"uv": [1.015, 0.015], "uv_size": [0.585, 1.47]},
								"up": {"uv": [1.985, 1.485], "uv_size": [-0.97, -1.47]},
								"down": {"uv": [1.985, 1.485], "uv_size": [-0.97, -1.47]}
							}
						},
						{
							"origin": [1.59803, 2.57069, -2.14081],
							"size": [0.6, 1, 1.5],
							"pivot": [0, 0, 0],
							"rotation": [180, 0, 157.5],
							"uv": {
								"north": {"uv": [0.015, 1.015], "uv_size": [0.585, 0.97]},
								"east": {"uv": [1.015, 0.015], "uv_size": [0.97, 1.47]},
								"south": {"uv": [0.015, 1.015], "uv_size": [0.585, 0.97]},
								"west": {"uv": [1.015, 0.015], "uv_size": [0.97, 1.47]},
								"up": {"uv": [1.6, 1.485], "uv_size": [-0.585, -1.47]},
								"down": {"uv": [1.6, 1.485], "uv_size": [-0.585, -1.47]}
							}
						}
					]
				},
				{
					"name": "bottomring2",
					"parent": "Pot",
					"pivot": [-8, 7.99609, 8],
					"cubes": [
						{
							"origin": [0.42285, 4.72381, -3.45361],
							"size": [0.9016, 0.54096, 1.3032],
							"pivot": [0, 0, 0],
							"rotation": [-180, 0, 180],
							"uv": {
								"north": {"uv": [0.015, 0.015], "uv_size": [0.97, 0.585]},
								"east": {"uv": [0.015, 0.015], "uv_size": [0.585, 1.97]},
								"south": {"uv": [0.015, 0.015], "uv_size": [0.97, 0.585]},
								"west": {"uv": [0.015, 0.015], "uv_size": [0.585, 1.97]},
								"up": {"uv": [0.985, 1.985], "uv_size": [-0.97, -1.97]},
								"down": {"uv": [0.985, 1.985], "uv_size": [-0.97, -1.97]}
							}
						},
						{
							"origin": [-0.79111, 4.82989, -3.45361],
							"size": [0.9016, 0.54096, 1.3032],
							"pivot": [0, 0, 0],
							"rotation": [180, 0, 157.5],
							"uv": {
								"north": {"uv": [0.015, 0.015], "uv_size": [0.585, 0.97]},
								"east": {"uv": [0.015, 0.015], "uv_size": [0.585, 1.97]},
								"south": {"uv": [0.015, 0.015], "uv_size": [0.585, 0.97]},
								"west": {"uv": [0.015, 0.015], "uv_size": [0.585, 1.97]},
								"up": {"uv": [0.985, 1.985], "uv_size": [-0.97, -1.97]},
								"down": {"uv": [0.985, 1.985], "uv_size": [-0.97, -1.97]}
							}
						},
						{
							"origin": [-1.95325, 4.46334, -3.45361],
							"size": [0.9016, 0.54096, 1.3032],
							"pivot": [0, 0, 0],
							"rotation": [180, 0, 135],
							"uv": {
								"north": {"uv": [0.015, 0.015], "uv_size": [0.585, 0.97]},
								"east": {"uv": [0.015, 0.015], "uv_size": [0.585, 1.97]},
								"south": {"uv": [0.015, 0.015], "uv_size": [0.585, 0.97]},
								"west": {"uv": [0.015, 0.015], "uv_size": [0.585, 1.97]},
								"up": {"uv": [0.985, 1.985], "uv_size": [-0.97, -1.97]},
								"down": {"uv": [0.985, 1.985], "uv_size": [-0.97, -1.97]}
							}
						},
						{
							"origin": [3.67997, 1.98507, -3.45361],
							"size": [0.54096, 0.9016, 1.3032],
							"pivot": [0, 0, 0],
							"rotation": [-180, 0, -157.5],
							"uv": {
								"north": {"uv": [0.015, 0.015], "uv_size": [0.585, 0.97]},
								"east": {"uv": [0.015, 0.015], "uv_size": [0.97, 1.97]},
								"south": {"uv": [0.015, 0.015], "uv_size": [0.585, 0.97]},
								"west": {"uv": [0.015, 0.015], "uv_size": [0.97, 1.97]},
								"up": {"uv": [0.6, 1.985], "uv_size": [-0.585, -1.97]},
								"down": {"uv": [0.6, 1.985], "uv_size": [-0.585, -1.97]}
							}
						},
						{
							"origin": [2.59901, 2.54765, -3.45361],
							"size": [0.54096, 0.9016, 1.3032],
							"pivot": [0, 0, 0],
							"rotation": [-180, 0, 180],
							"uv": {
								"north": {"uv": [0.015, 0.015], "uv_size": [0.585, 0.97]},
								"east": {"uv": [0.015, 0.015], "uv_size": [0.97, 1.97]},
								"south": {"uv": [0.015, 0.015], "uv_size": [0.585, 0.97]},
								"west": {"uv": [0.015, 0.015], "uv_size": [0.97, 1.97]},
								"up": {"uv": [0.6, 1.985], "uv_size": [-0.585, -1.97]},
								"down": {"uv": [0.6, 1.985], "uv_size": [-0.585, -1.97]}
							}
						},
						{
							"origin": [-1.39267, 2.54765, -3.45361],
							"size": [0.54096, 0.9016, 1.3032],
							"pivot": [0, 0, 0],
							"rotation": [-180, 0, 180],
							"uv": {
								"north": {"uv": [0.015, 0.015], "uv_size": [0.97, 0.585]},
								"east": {"uv": [0.015, 0.015], "uv_size": [0.97, 1.97]},
								"south": {"uv": [0.015, 0.015], "uv_size": [0.97, 0.585]},
								"west": {"uv": [0.015, 0.015], "uv_size": [0.97, 1.97]},
								"up": {"uv": [0.6, 1.985], "uv_size": [-0.585, -1.97]},
								"down": {"uv": [0.6, 1.985], "uv_size": [-0.585, -1.97]}
							}
						},
						{
							"origin": [-2.60664, 2.65373, -3.45361],
							"size": [0.54096, 0.9016, 1.3032],
							"pivot": [0, 0, 0],
							"rotation": [180, 0, 157.5],
							"uv": {
								"north": {"uv": [0.015, 0.015], "uv_size": [0.585, 0.97]},
								"east": {"uv": [0.015, 0.015], "uv_size": [0.97, 1.97]},
								"south": {"uv": [0.015, 0.015], "uv_size": [0.585, 0.97]},
								"west": {"uv": [0.015, 0.015], "uv_size": [0.97, 1.97]},
								"up": {"uv": [0.6, 1.985], "uv_size": [-0.585, -1.97]},
								"down": {"uv": [0.6, 1.985], "uv_size": [-0.585, -1.97]}
							}
						},
						{
							"origin": [-3.76878, 2.28718, -3.45361],
							"size": [0.54096, 0.9016, 1.3032],
							"pivot": [0, 0, 0],
							"rotation": [180, 0, 135],
							"uv": {
								"north": {"uv": [0.015, 0.015], "uv_size": [0.585, 0.97]},
								"east": {"uv": [0.015, 0.015], "uv_size": [0.97, 1.97]},
								"south": {"uv": [0.015, 0.015], "uv_size": [0.585, 0.97]},
								"west": {"uv": [0.015, 0.015], "uv_size": [0.97, 1.97]},
								"up": {"uv": [0.6, 1.985], "uv_size": [-0.585, -1.97]},
								"down": {"uv": [0.6, 1.985], "uv_size": [-0.585, -1.97]}
							}
						},
						{
							"origin": [1.5038, 4.16123, -3.45361],
							"size": [0.9016, 0.54096, 1.3032],
							"pivot": [0, 0, 0],
							"rotation": [-180, 0, -157.5],
							"uv": {
								"north": {"uv": [0.015, 0.015], "uv_size": [0.585, 0.97]},
								"east": {"uv": [0.015, 0.015], "uv_size": [0.585, 1.97]},
								"south": {"uv": [0.015, 0.015], "uv_size": [0.585, 0.97]},
								"west": {"uv": [0.015, 0.015], "uv_size": [0.585, 1.97]},
								"up": {"uv": [0.985, 1.985], "uv_size": [-0.97, -1.97]},
								"down": {"uv": [0.985, 1.985], "uv_size": [-0.97, -1.97]}
							}
						},
						{
							"origin": [-0.31173, 1.98506, -3.45361],
							"size": [0.54096, 0.9016, 1.3032],
							"pivot": [0, 0, 0],
							"rotation": [-180, 0, -157.5],
							"uv": {
								"north": {"uv": [0.015, 1.015], "uv_size": [0.585, 0.97]},
								"east": {"uv": [1.015, 0.015], "uv_size": [0.97, 1.97]},
								"south": {"uv": [0.015, 1.015], "uv_size": [0.585, 0.97]},
								"west": {"uv": [1.015, 0.015], "uv_size": [0.97, 1.97]},
								"up": {"uv": [1.6, 1.985], "uv_size": [-0.585, -1.97]},
								"down": {"uv": [1.6, 1.985], "uv_size": [-0.585, -1.97]}
							}
						},
						{
							"origin": [0.47166, 1.05166, -3.45361],
							"size": [0.54096, 0.9016, 1.3032],
							"pivot": [0, 0, 0],
							"rotation": [-180, 0, -135],
							"uv": {
								"north": {"uv": [0.015, 1.015], "uv_size": [0.585, 0.97]},
								"east": {"uv": [1.015, 0.015], "uv_size": [0.97, 1.97]},
								"south": {"uv": [0.015, 1.015], "uv_size": [0.585, 0.97]},
								"west": {"uv": [1.015, 0.015], "uv_size": [0.97, 1.97]},
								"up": {"uv": [1.6, 1.985], "uv_size": [-0.585, -1.97]},
								"down": {"uv": [1.6, 1.985], "uv_size": [-0.585, -1.97]}
							}
						},
						{
							"origin": [0.42285, 0.73212, -3.45361],
							"size": [0.9016, 0.54096, 1.3032],
							"pivot": [0, 0, 0],
							"rotation": [-180, 0, 180],
							"uv": {
								"north": {"uv": [0.015, 1.015], "uv_size": [0.97, 0.585]},
								"east": {"uv": [1.015, 0.015], "uv_size": [0.585, 1.97]},
								"south": {"uv": [0.015, 1.015], "uv_size": [0.97, 0.585]},
								"west": {"uv": [1.015, 0.015], "uv_size": [0.585, 1.97]},
								"up": {"uv": [1.985, 1.985], "uv_size": [-0.97, -1.97]},
								"down": {"uv": [1.985, 1.985], "uv_size": [-0.97, -1.97]}
							}
						},
						{
							"origin": [-0.79111, 0.83821, -3.45361],
							"size": [0.9016, 0.54096, 1.3032],
							"pivot": [0, 0, 0],
							"rotation": [180, 0, 157.5],
							"uv": {
								"north": {"uv": [1.015, 0.015], "uv_size": [0.585, 0.97]},
								"east": {"uv": [1.015, 0.015], "uv_size": [0.585, 1.97]},
								"south": {"uv": [1.015, 0.015], "uv_size": [0.585, 0.97]},
								"west": {"uv": [1.015, 0.015], "uv_size": [0.585, 1.97]},
								"up": {"uv": [1.985, 1.985], "uv_size": [-0.97, -1.97]},
								"down": {"uv": [1.985, 1.985], "uv_size": [-0.97, -1.97]}
							}
						},
						{
							"origin": [1.5038, 0.16954, -3.45361],
							"size": [0.9016, 0.54096, 1.3032],
							"pivot": [0, 0, 0],
							"rotation": [-180, 0, -157.5],
							"uv": {
								"north": {"uv": [1.015, 0.015], "uv_size": [0.585, 0.97]},
								"east": {"uv": [1.015, 0.015], "uv_size": [0.585, 1.97]},
								"south": {"uv": [1.015, 0.015], "uv_size": [0.585, 0.97]},
								"west": {"uv": [1.015, 0.015], "uv_size": [0.585, 1.97]},
								"up": {"uv": [1.985, 1.985], "uv_size": [-0.97, -1.97]},
								"down": {"uv": [1.985, 1.985], "uv_size": [-0.97, -1.97]}
							}
						},
						{
							"origin": [2.28719, -0.76387, -3.45361],
							"size": [0.9016, 0.54096, 1.3032],
							"pivot": [0, 0, 0],
							"rotation": [-180, 0, -135],
							"uv": {
								"north": {"uv": [1.015, 0.015], "uv_size": [0.585, 0.97]},
								"east": {"uv": [1.015, 0.015], "uv_size": [0.585, 1.97]},
								"south": {"uv": [1.015, 0.015], "uv_size": [0.585, 0.97]},
								"west": {"uv": [1.015, 0.015], "uv_size": [0.585, 1.97]},
								"up": {"uv": [1.985, 1.985], "uv_size": [-0.97, -1.97]},
								"down": {"uv": [1.985, 1.985], "uv_size": [-0.97, -1.97]}
							}
						},
						{
							"origin": [1.38506, 2.65373, -3.45361],
							"size": [0.54096, 0.9016, 1.3032],
							"pivot": [0, 0, 0],
							"rotation": [180, 0, 157.5],
							"uv": {
								"north": {"uv": [0.015, 1.015], "uv_size": [0.585, 0.97]},
								"east": {"uv": [1.015, 0.015], "uv_size": [0.97, 1.97]},
								"south": {"uv": [0.015, 1.015], "uv_size": [0.585, 0.97]},
								"west": {"uv": [1.015, 0.015], "uv_size": [0.97, 1.97]},
								"up": {"uv": [1.6, 1.985], "uv_size": [-0.585, -1.97]},
								"down": {"uv": [1.6, 1.985], "uv_size": [-0.585, -1.97]}
							}
						}
					]
				},
				{
					"name": "bottomring3",
					"parent": "Pot",
					"pivot": [-8, 7.99609, 8],
					"cubes": [
						{
							"origin": [0.45805, 2.99182, -4.35156],
							"size": [0.8136, 2.08816, 0.96385],
							"pivot": [0, 0, 0],
							"rotation": [-180, 0, 180],
							"uv": {
								"north": {"uv": [0.015, 0.015], "uv_size": [0.97, 0.585]},
								"east": {"uv": [0.015, 0.015], "uv_size": [0.585, 1.97]},
								"south": {"uv": [0.015, 0.015], "uv_size": [0.97, 0.585]},
								"west": {"uv": [0.015, 0.015], "uv_size": [0.585, 1.97]},
								"up": {"uv": [0.985, 1.985], "uv_size": [-0.97, -1.97]},
								"down": {"uv": [0.985, 1.985], "uv_size": [-0.97, -1.97]}
							}
						},
						{
							"origin": [-0.76917, 3.69176, -4.35156],
							"size": [0.8136, 1.48816, 0.96385],
							"pivot": [0, 0, 0],
							"rotation": [180, 0, 157.5],
							"uv": {
								"north": {"uv": [0.015, 0.015], "uv_size": [0.585, 0.97]},
								"east": {"uv": [0.015, 0.015], "uv_size": [0.585, 1.97]},
								"south": {"uv": [0.015, 0.015], "uv_size": [0.585, 0.97]},
								"west": {"uv": [0.015, 0.015], "uv_size": [0.585, 1.97]},
								"up": {"uv": [0.985, 1.985], "uv_size": [-0.97, -1.97]},
								"down": {"uv": [0.985, 1.985], "uv_size": [-0.97, -1.97]}
							}
						},
						{
							"origin": [-1.94122, 3.31447, -4.35156],
							"size": [0.81361, 1.48816, 0.96385],
							"pivot": [0, 0, 0],
							"rotation": [180, 0, 135],
							"uv": {
								"north": {"uv": [0.015, 0.015], "uv_size": [0.585, 0.97]},
								"east": {"uv": [0.015, 0.015], "uv_size": [0.585, 1.97]},
								"south": {"uv": [0.015, 0.015], "uv_size": [0.585, 0.97]},
								"west": {"uv": [0.015, 0.015], "uv_size": [0.585, 1.97]},
								"up": {"uv": [0.985, 1.985], "uv_size": [-0.97, -1.97]},
								"down": {"uv": [0.985, 1.985], "uv_size": [-0.97, -1.97]}
							}
						},
						{
							"origin": [2.51737, 2.06607, -4.35156],
							"size": [1.48816, 0.8136, 0.96385],
							"pivot": [0, 0, 0],
							"rotation": [-180, 0, -157.5],
							"uv": {
								"north": {"uv": [0.015, 0.015], "uv_size": [0.585, 0.97]},
								"east": {"uv": [0.015, 0.015], "uv_size": [0.97, 1.97]},
								"south": {"uv": [0.015, 0.015], "uv_size": [0.585, 0.97]},
								"west": {"uv": [0.015, 0.015], "uv_size": [0.97, 1.97]},
								"up": {"uv": [0.6, 1.985], "uv_size": [-0.585, -1.97]},
								"down": {"uv": [0.6, 1.985], "uv_size": [-0.585, -1.97]}
							}
						},
						{
							"origin": [1.22182, 2.62804, -4.35156],
							"size": [1.68816, 0.81361, 0.96385],
							"pivot": [0, 0, 0],
							"rotation": [-180, 0, 180],
							"uv": {
								"north": {"uv": [0.015, 0.015], "uv_size": [0.585, 0.97]},
								"east": {"uv": [0.015, 0.015], "uv_size": [0.97, 1.97]},
								"south": {"uv": [0.015, 0.015], "uv_size": [0.585, 0.97]},
								"west": {"uv": [0.015, 0.015], "uv_size": [0.97, 1.97]},
								"up": {"uv": [0.6, 1.985], "uv_size": [-0.585, -1.97]},
								"down": {"uv": [0.6, 1.985], "uv_size": [-0.585, -1.97]}
							}
						},
						{
							"origin": [-1.18028, 2.62804, -4.35156],
							"size": [1.68816, 0.81361, 0.96385],
							"pivot": [0, 0, 0],
							"rotation": [-180, 0, 180],
							"uv": {
								"north": {"uv": [0.015, 0.015], "uv_size": [0.97, 0.585]},
								"east": {"uv": [0.015, 0.015], "uv_size": [0.97, 1.97]},
								"south": {"uv": [0.015, 0.015], "uv_size": [0.97, 0.585]},
								"west": {"uv": [0.015, 0.015], "uv_size": [0.97, 1.97]},
								"up": {"uv": [0.6, 1.985], "uv_size": [-0.585, -1.97]},
								"down": {"uv": [0.6, 1.985], "uv_size": [-0.585, -1.97]}
							}
						},
						{
							"origin": [-2.4075, 2.72799, -4.35156],
							"size": [1.48816, 0.8136, 0.96385],
							"pivot": [0, 0, 0],
							"rotation": [180, 0, 157.5],
							"uv": {
								"north": {"uv": [0.015, 0.015], "uv_size": [0.585, 0.97]},
								"east": {"uv": [0.015, 0.015], "uv_size": [0.97, 1.97]},
								"south": {"uv": [0.015, 0.015], "uv_size": [0.585, 0.97]},
								"west": {"uv": [0.015, 0.015], "uv_size": [0.97, 1.97]},
								"up": {"uv": [0.6, 1.985], "uv_size": [-0.585, -1.97]},
								"down": {"uv": [0.6, 1.985], "uv_size": [-0.585, -1.97]}
							}
						},
						{
							"origin": [-3.57955, 2.3507, -4.35156],
							"size": [1.58817, 0.8136, 0.96385],
							"pivot": [0, 0, 0],
							"rotation": [180, 0, 135],
							"uv": {
								"north": {"uv": [0.015, 0.015], "uv_size": [0.585, 0.97]},
								"east": {"uv": [0.015, 0.015], "uv_size": [0.97, 1.97]},
								"south": {"uv": [0.015, 0.015], "uv_size": [0.585, 0.97]},
								"west": {"uv": [0.015, 0.015], "uv_size": [0.97, 1.97]},
								"up": {"uv": [0.6, 1.985], "uv_size": [-0.585, -1.97]},
								"down": {"uv": [0.6, 1.985], "uv_size": [-0.585, -1.97]}
							}
						},
						{
							"origin": [1.55361, 3.02984, -4.35156],
							"size": [0.8136, 1.48816, 0.96385],
							"pivot": [0, 0, 0],
							"rotation": [-180, 0, -157.5],
							"uv": {
								"north": {"uv": [0.015, 0.015], "uv_size": [0.585, 0.97]},
								"east": {"uv": [0.015, 0.015], "uv_size": [0.585, 1.97]},
								"south": {"uv": [0.015, 0.015], "uv_size": [0.585, 0.97]},
								"west": {"uv": [0.015, 0.015], "uv_size": [0.585, 1.97]},
								"up": {"uv": [0.985, 1.985], "uv_size": [-0.97, -1.97]},
								"down": {"uv": [0.985, 1.985], "uv_size": [-0.97, -1.97]}
							}
						},
						{
							"origin": [-0.08473, 2.06606, -4.35156],
							"size": [1.48816, 0.81361, 0.96385],
							"pivot": [0, 0, 0],
							"rotation": [-180, 0, -157.5],
							"uv": {
								"north": {"uv": [0.015, 1.015], "uv_size": [0.585, 0.97]},
								"east": {"uv": [1.015, 0.015], "uv_size": [0.97, 1.97]},
								"south": {"uv": [0.015, 1.015], "uv_size": [0.585, 0.97]},
								"west": {"uv": [1.015, 0.015], "uv_size": [0.97, 1.97]},
								"up": {"uv": [1.6, 1.985], "uv_size": [-0.585, -1.97]},
								"down": {"uv": [1.6, 1.985], "uv_size": [-0.585, -1.97]}
							}
						},
						{
							"origin": [0.71236, 1.12761, -4.35156],
							"size": [1.48817, 0.8136, 0.96385],
							"pivot": [0, 0, 0],
							"rotation": [-180, 0, -135],
							"uv": {
								"north": {"uv": [0.015, 1.015], "uv_size": [0.585, 0.97]},
								"east": {"uv": [1.015, 0.015], "uv_size": [0.97, 1.97]},
								"south": {"uv": [0.015, 1.015], "uv_size": [0.585, 0.97]},
								"west": {"uv": [1.015, 0.015], "uv_size": [0.97, 1.97]},
								"up": {"uv": [1.6, 1.985], "uv_size": [-0.585, -1.97]},
								"down": {"uv": [1.6, 1.985], "uv_size": [-0.585, -1.97]}
							}
						},
						{
							"origin": [0.45805, 0.98972, -4.35156],
							"size": [0.8136, 2.08816, 0.96385],
							"pivot": [0, 0, 0],
							"rotation": [-180, 0, 180],
							"uv": {
								"north": {"uv": [0.015, 1.015], "uv_size": [0.97, 0.585]},
								"east": {"uv": [1.015, 0.015], "uv_size": [0.585, 1.97]},
								"south": {"uv": [0.015, 1.015], "uv_size": [0.97, 0.585]},
								"west": {"uv": [1.015, 0.015], "uv_size": [0.585, 1.97]},
								"up": {"uv": [1.985, 1.985], "uv_size": [-0.97, -1.97]},
								"down": {"uv": [1.985, 1.985], "uv_size": [-0.97, -1.97]}
							}
						},
						{
							"origin": [-0.76917, 1.08966, -4.35156],
							"size": [0.8136, 1.48816, 0.96385],
							"pivot": [0, 0, 0],
							"rotation": [180, 0, 157.5],
							"uv": {
								"north": {"uv": [1.015, 0.015], "uv_size": [0.585, 0.97]},
								"east": {"uv": [1.015, 0.015], "uv_size": [0.585, 1.97]},
								"south": {"uv": [1.015, 0.015], "uv_size": [0.585, 0.97]},
								"west": {"uv": [1.015, 0.015], "uv_size": [0.585, 1.97]},
								"up": {"uv": [1.985, 1.985], "uv_size": [-0.97, -1.97]},
								"down": {"uv": [1.985, 1.985], "uv_size": [-0.97, -1.97]}
							}
						},
						{
							"origin": [1.5536, 0.42774, -4.35156],
							"size": [0.8136, 1.48816, 0.96385],
							"pivot": [0, 0, 0],
							"rotation": [-180, 0, -157.5],
							"uv": {
								"north": {"uv": [1.015, 0.015], "uv_size": [0.585, 0.97]},
								"east": {"uv": [1.015, 0.015], "uv_size": [0.585, 1.97]},
								"south": {"uv": [1.015, 0.015], "uv_size": [0.585, 0.97]},
								"west": {"uv": [1.015, 0.015], "uv_size": [0.585, 1.97]},
								"up": {"uv": [1.985, 1.985], "uv_size": [-0.97, -1.97]},
								"down": {"uv": [1.985, 1.985], "uv_size": [-0.97, -1.97]}
							}
						},
						{
							"origin": [2.35069, -0.51071, -4.35156],
							"size": [0.81361, 1.58816, 0.96385],
							"pivot": [0, 0, 0],
							"rotation": [-180, 0, -135],
							"uv": {
								"north": {"uv": [1.015, 0.015], "uv_size": [0.585, 0.97]},
								"east": {"uv": [1.015, 0.015], "uv_size": [0.585, 1.97]},
								"south": {"uv": [1.015, 0.015], "uv_size": [0.585, 0.97]},
								"west": {"uv": [1.015, 0.015], "uv_size": [0.585, 1.97]},
								"up": {"uv": [1.985, 1.985], "uv_size": [-0.97, -1.97]},
								"down": {"uv": [1.985, 1.985], "uv_size": [-0.97, -1.97]}
							}
						},
						{
							"origin": [0.1946, 2.72799, -4.35156],
							"size": [1.48816, 0.81361, 0.96385],
							"pivot": [0, 0, 0],
							"rotation": [180, 0, 157.5],
							"uv": {
								"north": {"uv": [0.015, 1.015], "uv_size": [0.585, 0.97]},
								"east": {"uv": [1.015, 0.015], "uv_size": [0.97, 1.97]},
								"south": {"uv": [0.015, 1.015], "uv_size": [0.585, 0.97]},
								"west": {"uv": [1.015, 0.015], "uv_size": [0.97, 1.97]},
								"up": {"uv": [1.6, 1.985], "uv_size": [-0.585, -1.97]},
								"down": {"uv": [1.6, 1.985], "uv_size": [-0.585, -1.97]}
							}
						}
					]
				},
				{
					"name": "Dirt",
					"pivot": [-8, 8, 8],
					"cubes": [
						{
							"origin": [-0.31651, 0, 0.30862],
							"size": [2, 2, 1],
							"pivot": [0, 0, 0],
							"rotation": [-180, 0, 180],
							"uv": {
								"north": {"uv": [21.015, 6.015], "uv_size": [0.97, 1.97]},
								"east": {"uv": [21.015, 6.015], "uv_size": [0.97, 1.97]},
								"south": {"uv": [21.015, 6.015], "uv_size": [0.97, 1.97]},
								"west": {"uv": [21.015, 6.015], "uv_size": [0.97, 1.97]},
								"up": {"uv": [22.985, 6.985], "uv_size": [-1.97, -0.97]},
								"down": {"uv": [21.985, 7.985], "uv_size": [-0.97, -1.97]}
							}
						},
						{
							"origin": [0.68349, 0, 1.30862],
							"size": [2, 2, 2],
							"pivot": [0, 0, 0],
							"rotation": [-180, 0, 180],
							"uv": {
								"north": {"uv": [16.015, 0.015], "uv_size": [1.97, 1.97]},
								"east": {"uv": [16.015, 0.015], "uv_size": [1.97, 1.97]},
								"south": {"uv": [16.015, 0.015], "uv_size": [1.97, 1.97]},
								"west": {"uv": [19.015, 0.015], "uv_size": [1.97, 1.97]},
								"up": {"uv": [19.985, 1.985], "uv_size": [-1.97, -1.97]},
								"down": {"uv": [17.985, 1.985], "uv_size": [-1.97, -1.97]}
							}
						},
						{
							"origin": [-1.31651, 0, 2.30862],
							"size": [2, 1, 2],
							"pivot": [0, 0, 0],
							"rotation": [-180, 0, 180],
							"uv": {
								"north": {"uv": [16.015, 0.015], "uv_size": [1.97, 0.97]},
								"east": {"uv": [16.015, 6.015], "uv_size": [1.97, 0.97]},
								"south": {"uv": [18.015, 0.015], "uv_size": [1.97, 0.97]},
								"west": {"uv": [16.015, 0.015], "uv_size": [1.97, 0.97]},
